2 1 -1 655.7679479580645 2 1
2 0 -1 789.4643285254676 2 0
3 0 -1 639.2837065574053 3 0
3 2 -1 340.2476614760608 3 2
4 0 -1 307.585106685136 4 0
4 3 -1 499.9249504344742 4 3
5 1 -1 534.470966764449 5 1
5 2 -1 841.5900711836659 5 2
6 5 -1 1006.291214982953 6 5
6 2 -1 649.9654190485821 6 2
7 1 -1 780.0578205120789 7 1
7 2 -1 905.3391542837198 7 2
8 4 -1 116.24815139613861 8 4
8 7 -1 85.99775872008308 8 7
9 0 -1 704.9175039322263 9 0
9 3 -1 673.91732027821 9 3
10 0 -1 848.8031168424483 10 0
10 2 -1 784.4408530509603 10 2
11 10 -1 1023.3392864579199 11 10
11 7 -1 226.93153614494872 11 7
12 3 -1 458.67868152176663 12 3
12 2 -1 856.8938388103929 12 2
13 2 -1 98.27248443747305 13 2
13 8 -1 1002.7783009179292 13 8
14 2 -1 965.8695583935709 14 2
14 7 -1 633.389759947222 14 7
15 4 -1 747.0659153649858 15 4
15 6 -1 279.05652022553954 15 6
17 9 -1 568.3211707998335 17 9
17 4 -1 980.8846336895342 17 4
16 17 -1 310.4875266395577 16 17
16 10 -1 1005.8181499308176 16 10
19 17 -1 400.13579578890653 19 17
19 16 -1 586.3575355903615 19 16
18 12 -1 204.8288314380594 18 12
18 9 -1 186.87470067509867 18 9
21 19 -1 239.27701773008005 21 19
21 15 -1 549.9444856977825 21 15
20 7 -1 89.65520214141554 20 7
20 14 -1 38.09987375593198 20 14
23 20 -1 658.5015302745278 23 20
23 9 -1 930.9868580844718 23 9
22 17 -1 623.5220207865111 22 17
22 9 -1 454.54438230072174 22 9
25 8 -1 499.38119016889596 25 8
25 9 -1 108.3331759450881 25 9
24 19 -1 825.2997404152334 24 19
24 4 -1 181.690060142594 24 4
27 4 -1 1014.6360358115572 27 4
27 2 -1 615.1063296853896 27 2
26 2 -1 841.3046501596143 26 2
26 20 -1 338.5181691322349 26 20
29 4 -1 12.348533381244124 29 4
29 21 -1 254.2248784091903 29 21
28 26 -1 733.3219923931246 28 26
28 15 -1 523.4390228302515 28 15
31 0 -1 508.72743821944766 31 0
31 1 -1 339.5518618711826 31 1
30 27 -1 672.5569424047458 30 27
30 15 -1 941.997492549199 30 15
34 24 -1 928.0964753218781 34 24
34 23 -1 762.5348594947399 34 23
35 1 -1 222.69865364817372 35 1
35 8 -1 594.6467594696085 35 8
32 30 -1 857.0083243263566 32 30
32 10 -1 259.36720603006825 32 10
33 32 -1 501.7148446800793 33 32
33 9 -1 835.7721366226714 33 9
38 32 -1 379.05376054099054 38 32
38 13 -1 77.17671548927513 38 13
39 28 -1 102.78790439853151 39 28
39 19 -1 666.7420515550538 39 19
36 15 -1 473.928514781495 36 15
36 6 -1 344.65008777888283 36 6
37 22 -1 283.7646697779817 37 22
37 34 -1 631.7767940376286 37 34
42 23 -1 767.5188131401154 42 23
42 17 -1 404.33309350091395 42 17
43 27 -1 979.6695178105073 43 27
43 25 -1 116.71738738130091 43 25
40 4 -1 216.5060281665444 40 4
40 9 -1 658.8775746037982 40 9
41 37 -1 351.33185360782545 41 37
41 30 -1 961.1190442265395 41 30
46 37 -1 719.8399775962358 46 37
46 43 -1 245.57875856963847 46 43
47 35 -1 649.9521134394181 47 35
47 15 -1 684.8130306819454 47 15
44 40 -1 883.1756867372341 44 40
44 19 -1 360.7203200816109 44 19
45 27 -1 134.37169708357624 45 27
45 2 -1 635.8793449140632 45 2
51 31 -1 780.615290769842 51 31
51 32 -1 529.3622943698527 51 32
50 6 -1 818.6877577641197 50 6
50 42 -1 960.1555342885657 50 42
49 25 -1 210.98308740118398 49 25
49 13 -1 844.8120251635706 49 13
48 35 -1 328.70334487602736 48 35
48 4 -1 550.914296617533 48 4
55 16 -1 307.2282929440298 55 16
55 1 -1 296.57508822735883 55 1
54 39 -1 667.723928907255 54 39
54 29 -1 282.9805121545045 54 29
53 49 -1 31.035957465706588 53 49
53 21 -1 888.2005432899831 53 21
52 31 -1 968.6256228817314 52 31
52 45 -1 943.8946916874796 52 45
59 4 -1 173.42556056282274 59 4
59 52 -1 670.9921956985067 59 52
58 24 -1 406.60847001489253 58 24
58 20 -1 878.8303186538933 58 20
57 32 -1 1024.5490593955353 57 32
57 40 -1 187.24860807739424 57 40
56 1 -1 58.63259178998385 56 1
56 58 -1 840.8449355951929 56 58
63 41 -1 697.0973112502114 63 41
63 34 -1 72.96739624316047 63 34
62 12 -1 578.7578487952007 62 12
62 14 -1 422.40289613723644 62 14
61 44 -1 784.8694557991696 61 44
61 38 -1 665.9656382890425 61 38
60 15 -1 984.8132719664698 60 15
60 6 -1 1023.3745495551308 60 6
68 19 -1 575.4559208332505 68 19
68 56 -1 57.09949016152245 68 56
69 27 -1 884.9327433707314 69 27
69 6 -1 614.9750209445057 69 6
70 15 -1 56.4344996199452 70 15
70 30 -1 148.90606390257187 70 30
71 58 -1 663.9946485996787 71 58
71 10 -1 652.9968844773499 71 10
64 71 -1 296.8054056505151 64 71
64 22 -1 403.2028282122733 64 22
65 53 -1 821.8706379108634 65 53
65 2 -1 513.2142561397413 65 2
66 3 -1 87.64404957349211 66 3
66 30 -1 356.90700549034216 66 30
67 39 -1 48.06081134297506 67 39
67 70 -1 923.884279291942 67 70
76 57 -1 975.7243692676338 76 57
76 12 -1 1005.1161978430889 76 12
77 9 -1 121.39723329873664 77 9
77 64 -1 675.3797939794142 77 64
78 69 -1 622.6453528278486 78 69
78 64 -1 817.7683152300934 78 64
79 1 -1 100.29425025266505 79 1
79 27 -1 818.91531521927 79 27
72 50 -1 225.64331115870084 72 50
72 41 -1 642.133737207843 72 41
73 12 -1 687.5396562574938 73 12
73 52 -1 273.10484120976844 73 52
74 32 -1 570.3181832189417 74 32
74 62 -1 955.8934977640993 74 62
75 13 -1 351.338697000067 75 13
75 46 -1 89.07885868979974 75 46
85 53 -1 55.998954650802034 85 53
85 28 -1 463.57520825746997 85 28
84 53 -1 487.6678576041819 84 53
84 65 -1 64.15614210274555 84 65
87 4 -1 495.4431488476703 87 4
87 77 -1 697.1385269539115 87 77
86 63 -1 991.2984564299668 86 63
86 73 -1 801.7862545076603 86 73
81 87 -1 877.9574801703789 81 87
81 26 -1 427.8540991576441 81 26
80 60 -1 423.18564920759616 80 60
80 55 -1 566.6451191923206 80 55
83 39 -1 721.274549838575 83 39
83 87 -1 33.21618203305525 83 87
82 21 -1 871.1705065123556 82 21
82 69 -1 863.6304824945637 82 69
93 21 -1 321.3438995637797 93 21
93 58 -1 586.3703490514825 93 58
92 85 -1 389.62539109137526 92 85
92 14 -1 217.6026646779651 92 14
95 80 -1 1030.259091899356 95 80
95 84 -1 770.7668108946259 95 84
94 68 -1 307.5653279483854 94 68
94 53 -1 702.951739478652 94 53
89 31 -1 952.0901702761871 89 31
89 48 -1 1023.1396526160943 89 48
88 47 -1 993.5185530749375 88 47
88 56 -1 894.9649169089317 88 56
91 53 -1 804.9680850486338 91 53
91 93 -1 720.2829606257012 91 93
90 92 -1 727.4488264078278 90 92
90 68 -1 274.57472667514344 90 68
102 90 -1 244.6788829037364 102 90
102 47 -1 646.1921527262093 102 47
103 48 -1 833.1828537476699 103 48
103 15 -1 289.56456842778255 103 15
100 80 -1 229.54486623460275 100 80
100 52 -1 626.5765229844578 100 52
101 63 -1 73.30840488566196 101 63
101 87 -1 763.417504941701 101 87
98 79 -1 464.61477998347027 98 79
98 56 -1 135.0619122695524 98 56
99 18 -1 280.3747310143582 99 18
99 52 -1 657.6931796190279 99 52
96 59 -1 889.0851545459792 96 59
96 28 -1 804.9370960702483 96 28
97 98 -1 796.7662472439982 97 98
97 3 -1 876.5422754169665 97 3
110 98 -1 1013.029897104857 110 98
110 24 -1 518.7836879208944 110 24
111 30 -1 785.024868525006 111 30
111 84 -1 195.2024117969445 111 84
108 91 -1 456.4169109696637 108 91
108 86 -1 495.0213731704913 108 86
109 25 -1 1032.7485560037221 109 25
109 85 -1 491.3930408306579 109 85
106 94 -1 881.2387746235142 106 94
106 29 -1 414.2769002722292 106 29
107 90 -1 905.8573513425558 107 90
107 110 -1 344.15998406290737 107 110
104 96 -1 679.5913757406065 104 96
104 6 -1 320.6706606843752 104 6
105 58 -1 258.89719935499477 105 58
105 31 -1 16.899243465343943 105 31
119 30 -1 745.5271090759835 119 30
119 46 -1 254.92711504260456 119 46
118 107 -1 78.29647727059034 118 107
118 49 -1 622.5337106956802 118 49
117 38 -1 407.53384365005275 117 38
117 72 -1 607.9882774931759 117 72
116 49 -1 244.59523857830345 116 49
116 46 -1 1018.1720428385013 116 46
115 92 -1 219.19800495987454 115 92
115 40 -1 64.97061800181905 115 40
114 21 -1 96.45803546750358 114 21
114 41 -1 897.0776321491247 114 41
113 33 -1 738.8907460344622 113 33
113 64 -1 650.3195066797336 113 64
112 8 -1 860.7143773214235 112 8
112 119 -1 1000.1977277965559 112 119
127 69 -1 487.0854304707832 127 69
127 84 -1 718.1197944673273 127 84
126 27 -1 374.367164155081 126 27
126 60 -1 832.6953934080885 126 60
125 103 -1 409.49849444694973 125 103
125 114 -1 556.7609294127767 125 114
124 67 -1 209.07314508462514 124 67
124 19 -1 533.775467720458 124 19
123 11 -1 916.5406622697163 123 11
123 90 -1 688.9093667750504 123 90
122 17 -1 452.061284439101 122 17
122 65 -1 582.2816657246659 122 65
121 110 -1 753.3031134956183 121 110
121 86 -1 750.3934670604641 121 86
120 94 -1 726.8569876919921 120 94
120 35 -1 524.246876807011 120 35
137 46 -1 244.7635172336669 137 46
137 101 -1 406.6925225219999 137 101
136 72 -1 849.048240659047 136 72
136 86 -1 853.2941243125733 136 86
139 93 -1 765.7922222084933 139 93
139 11 -1 59.33408996842002 139 11
138 75 -1 80.56418333453814 138 75
138 3 -1 286.9692599292588 138 3
141 23 -1 137.6460565976165 141 23
141 20 -1 832.5949426481926 141 20
140 66 -1 323.547192292958 140 66
140 121 -1 584.4497649665961 140 121
143 18 -1 61.28008299934959 143 18
143 60 -1 1019.5208687831835 143 60
142 81 -1 967.418103124166 142 81
142 119 -1 796.7727272344416 142 119
129 26 -1 803.3732897433906 129 26
129 138 -1 419.23772538126605 129 138
128 87 -1 175.4768423832836 128 87
128 70 -1 363.1113236644611 128 70
131 50 -1 646.7179158494038 131 50
131 81 -1 210.63885752761269 131 81
130 106 -1 649.8877210661658 130 106
130 48 -1 454.12723101562256 130 48
133 58 -1 490.78537344666984 133 58
133 54 -1 464.83892826698946 133 54
132 18 -1 281.3881316544757 132 18
132 83 -1 417.16471633708125 132 83
135 55 -1 674.2618405981661 135 55
135 4 -1 385.483572157559 135 4
134 25 -1 61.798290320632304 134 25
134 70 -1 516.3645854806823 134 70
152 91 -1 257.6493989307435 152 91
152 29 -1 258.5998321297151 152 29
153 84 -1 105.86348473300313 153 84
153 39 -1 273.34075836814634 153 39
154 142 -1 913.6798371316617 154 142
154 153 -1 522.0256598071759 154 153
155 66 -1 481.31489785864756 155 66
155 27 -1 795.6239788086328 155 27
156 129 -1 830.8250760600299 156 129
156 122 -1 292.64054405793865 156 122
157 100 -1 453.90426648930463 157 100
157 98 -1 224.40887962622878 157 98
158 139 -1 460.1222233360295 158 139
158 18 -1 70.76869398533097 158 18
159 113 -1 421.1259098545494 159 113
159 24 -1 258.8197192752517 159 24
144 22 -1 973.8345719689725 144 22
144 108 -1 700.1734327028573 144 108
145 84 -1 529.2887040714606 145 84
145 125 -1 676.7904819300159 145 125
146 87 -1 879.4608051651326 146 87
146 152 -1 367.44662504764244 146 152
147 139 -1 935.2730216581609 147 139
147 61 -1 680.0080637374115 147 61
148 22 -1 167.57631833290714 148 22
148 142 -1 211.5860532977565 148 142
149 52 -1 534.4731099364386 149 52
149 126 -1 1027.5086743456588 149 126
150 73 -1 171.20576354143293 150 73
150 42 -1 984.6921515997797 150 42
151 71 -1 157.75170478486416 151 71
151 131 -1 253.34202414754543 151 131
171 15 -1 296.9862159615649 171 15
171 137 -1 661.747303928342 171 137
170 10 -1 924.1102511261321 170 10
170 1 -1 1008.8408196877795 170 1
169 116 -1 43.986545109046915 169 116
169 117 -1 325.39665549306517 169 117
168 34 -1 803.4887567681727 168 34
168 108 -1 180.6413983541421 168 108
175 95 -1 750.6591829233073 175 95
175 75 -1 731.7001584248015 175 75
174 132 -1 518.4382235658915 174 132
174 52 -1 805.333064808009 174 52
173 68 -1 780.7493746274964 173 68
173 1 -1 78.57836150254775 173 1
172 127 -1 15.044772649150786 172 127
172 159 -1 665.9909169592047 172 159
163 25 -1 99.99885503681344 163 25
163 55 -1 718.7898825026889 163 55
162 128 -1 87.93887408821433 162 128
162 169 -1 475.0423309182461 162 169
161 55 -1 771.787621845607 161 55
161 24 -1 625.580166614904 161 24
160 6 -1 711.0602143261682 160 6
160 135 -1 345.77867654171916 160 135
167 137 -1 408.39420263560953 167 137
167 138 -1 802.1524334722377 167 138
166 135 -1 874.9806716388407 166 135
166 33 -1 860.7372742724319 166 33
165 92 -1 251.7903110248534 165 92
165 106 -1 413.11900264823703 165 106
164 27 -1 869.3322992299713 164 27
164 139 -1 180.28745769228658 164 139
186 82 -1 231.92143018923696 186 82
186 170 -1 439.50123371488337 186 170
187 27 -1 392.35994902213713 187 27
187 57 -1 813.4448455626217 187 57
184 21 -1 93.29328940180665 184 21
184 82 -1 383.01962237699627 184 82
185 14 -1 563.1899728829756 185 14
185 15 -1 587.0728673904501 185 15
190 65 -1 833.1174629446448 190 65
190 85 -1 420.6619853273586 190 85
191 93 -1 711.0392884639058 191 93
191 40 -1 167.01951713740516 191 40
188 14 -1 793.5991231620501 188 14
188 91 -1 776.2524237575568 188 91
189 129 -1 946.072935752585 189 129
189 116 -1 893.3936988063459 189 116
178 1 -1 321.7411331960126 178 1
178 77 -1 440.90239638712706 178 77
179 186 -1 344.5789543844785 179 186
179 137 -1 153.52682340379306 179 137
176 35 -1 176.48419523871132 176 35
176 168 -1 957.7802364594794 176 168
177 154 -1 541.0242463154683 177 154
177 84 -1 125.14003554168357 177 84
182 34 -1 906.01626935406 182 34
182 114 -1 120.82219093063725 182 114
183 25 -1 965.3615989256717 183 25
183 1 -1 542.1019870139118 183 1
180 7 -1 363.3276848782564 180 7
180 164 -1 763.9346008738754 180 164
181 95 -1 307.96610656783673 181 95
181 33 -1 485.0434592468828 181 33
205 19 -1 942.6144551828659 205 19
205 109 -1 315.34974697153564 205 109
204 47 -1 110.00313029345898 204 47
204 13 -1 213.6946542374841 204 13
207 42 -1 214.50371174791348 207 42
207 129 -1 134.70638799511755 207 129
206 66 -1 441.7883332475245 206 66
206 169 -1 556.971448923688 206 169
201 70 -1 662.440656248255 201 70
201 96 -1 955.1724045983223 201 96
200 178 -1 282.96893629289355 200 178
200 146 -1 380.34265117268217 200 146
203 75 -1 727.5501052036263 203 75
203 7 -1 676.3473700294333 203 7
202 95 -1 715.9997287965427 202 95
202 34 -1 242.0551027863736 202 34
197 100 -1 545.1629907693895 197 100
197 47 -1 912.1929571816127 197 47
196 117 -1 969.18413124628 196 117
196 87 -1 295.1812438814949 196 87
199 134 -1 915.8863971271217 199 134
199 140 -1 732.3472321724737 199 140
198 80 -1 451.28868416945795 198 80
198 6 -1 815.2303361580156 198 6
193 114 -1 474.10535842071215 193 114
193 48 -1 589.4330711534016 193 48
192 139 -1 951.4880996911215 192 139
192 1 -1 233.3227083156936 192 1
195 38 -1 124.7167731691045 195 38
195 116 -1 602.9102878277056 195 116
194 53 -1 588.8023510319452 194 53
194 150 -1 923.3738795464958 194 150
220 105 -1 431.57705012280655 220 105
220 40 -1 340.6401204858579 220 40
221 206 -1 265.45350072214455 221 206
221 122 -1 567.7453049693402 221 122
222 174 -1 739.429735377966 222 174
222 68 -1 729.9875915946213 222 68
223 196 -1 518.6528313114351 223 196
223 30 -1 174.93817807873108 223 30
216 37 -1 439.18421096143504 216 37
216 207 -1 563.1633408625095 216 207
217 125 -1 746.0017466550531 217 125
217 84 -1 538.5755537395273 217 84
218 194 -1 469.05189327411324 218 194
218 154 -1 366.60222621717753 218 154
219 21 -1 446.38439990145423 219 21
219 55 -1 188.1675187749164 219 55
212 159 -1 882.5037856696948 212 159
212 222 -1 910.0389398757885 212 222
213 38 -1 1019.1101640419664 213 38
213 142 -1 171.61446067424788 213 142
214 174 -1 647.1863463543486 214 174
214 137 -1 618.0587972135354 214 137
215 74 -1 717.6979031443944 215 74
215 137 -1 467.9198380009133 215 137
208 67 -1 896.7992349403446 208 67
208 71 -1 389.1803383121712 208 71
209 88 -1 716.2149671477594 209 88
209 101 -1 772.461567067574 209 101
210 147 -1 251.53645659160236 210 147
210 137 -1 498.24448511570483 210 137
211 90 -1 866.0579201525007 211 90
211 0 -1 834.7345336473061 211 0
239 203 -1 988.5235477955147 239 203
239 24 -1 951.2148667157018 239 24
238 122 -1 501.0744752504934 238 122
238 17 -1 175.60209257605425 238 17
237 156 -1 408.7725141356864 237 156
237 78 -1 678.437428595962 237 78
236 219 -1 710.3808880025975 236 219
236 186 -1 863.071338664793 236 186
235 31 -1 618.4131832696961 235 31
235 161 -1 765.3239350631808 235 161
234 213 -1 911.8257650832743 234 213
234 6 -1 121.91613456571736 234 6
233 112 -1 883.3637651610768 233 112
233 164 -1 30.134198114088804 233 164
232 235 -1 850.1371459453629 232 235
232 122 -1 427.05755533252864 232 122
231 178 -1 84.35029575513931 231 178
231 128 -1 957.9960328314758 231 128
230 73 -1 1031.9678105277515 230 73
230 181 -1 924.1940864125648 230 181
229 42 -1 573.937191520294 229 42
229 164 -1 926.0984688263252 229 164
228 106 -1 579.4902689402286 228 106
228 186 -1 907.069315871251 228 186
227 206 -1 609.4039859796881 227 206
227 194 -1 486.6498983706207 227 194
226 28 -1 84.33320737196186 226 28
226 187 -1 180.37223428514847 226 187
225 147 -1 782.036888910836 225 147
225 84 -1 203.12204399021448 225 84
224 200 -1 748.677749191079 224 200
224 62 -1 297.4236590471593 224 62
254 51 -1 856.3745357111173 254 51
254 10 -1 176.9508084859525 254 10
255 111 -1 964.2824466255751 255 111
255 35 -1 147.35574540535026 255 35
252 184 -1 335.16061109774273 252 184
252 151 -1 356.77694645803797 252 151
253 254 -1 615.9374690048867 253 254
253 89 -1 729.0770657770142 253 89
250 70 -1 1018.8778873929538 250 70
250 157 -1 563.7941666970896 250 157
251 176 -1 713.5247639574723 251 176
251 76 -1 294.9538063538355 251 76
248 109 -1 459.54725359116674 248 109
248 79 -1 301.8712596955537 248 79
249 13 -1 483.4284793302877 249 13
249 252 -1 747.9887065896693 249 252
246 251 -1 739.905913099776 246 251
246 126 -1 717.3071302615245 246 126
247 152 -1 617.6945808793006 247 152
247 129 -1 371.54260361542526 247 129
244 26 -1 380.32957595664107 244 26
244 20 -1 602.0922421504616 244 20
245 236 -1 995.0196309608592 245 236
245 71 -1 393.45686002159687 245 71
242 184 -1 710.3463211225036 242 184
242 213 -1 486.0249714325871 242 213
243 93 -1 62.52411029037148 243 93
243 114 -1 751.0102036395125 243 114
240 86 -1 200.32942209482906 240 86
240 232 -1 821.8803085155486 240 232
241 24 -1 19.463881430305946 241 24
241 69 -1 335.0944233898799 241 69
275 190 -1 772.9904822800404 275 190
275 73 -1 320.1708041859481 275 73
274 68 -1 948.5567670423419 274 68
274 10 -1 304.1960397328412 274 10
273 64 -1 337.3180982725585 273 64
273 204 -1 23.397323863902443 273 204
272 8 -1 560.0699465987461 272 8
272 180 -1 858.2158415781792 272 180
279 18 -1 314.5806485307801 279 18
279 71 -1 245.1211325538618 279 71
278 174 -1 705.6928966036493 278 174
278 148 -1 797.963740961764 278 148
277 15 -1 578.8893363298171 277 15
277 162 -1 63.70700891511137 277 162
276 77 -1 657.5374243281933 276 77
276 183 -1 683.6597214837295 276 183
283 195 -1 588.2596301631665 283 195
283 107 -1 242.05150365742645 283 107
282 179 -1 348.9962248651242 282 179
282 114 -1 1029.1376978962708 282 114
281 120 -1 896.1996637162131 281 120
281 172 -1 913.1674727115117 281 172
280 16 -1 602.4571123953701 280 16
280 101 -1 665.2010813837127 280 101
287 95 -1 620.699455533339 287 95
287 232 -1 535.1610492684782 287 232
286 169 -1 559.5090579428853 286 169
286 114 -1 658.8837909433804 286 114
285 141 -1 595.5469652010333 285 141
285 236 -1 634.4873044980611 285 236
284 18 -1 361.0585804999123 284 18
284 144 -1 146.50319095294185 284 144
258 144 -1 544.3744560384569 258 144
258 222 -1 899.0838223517933 258 222
259 222 -1 179.69292086600865 259 222
259 116 -1 500.80702789119084 259 116
256 40 -1 32.79671827225252 256 40
256 120 -1 808.4415112504108 256 120
257 247 -1 237.9032831878185 257 247
257 219 -1 369.51538332221185 257 219
262 172 -1 331.146923489674 262 172
262 104 -1 131.91624929650322 262 104
263 111 -1 264.7959646578166 263 111
263 176 -1 569.9301794917699 263 176
260 202 -1 1006.2743244977132 260 202
260 94 -1 507.05670526943936 260 94
261 165 -1 913.6528803527495 261 165
261 220 -1 764.656715717014 261 220
266 58 -1 212.4886430222391 266 58
266 3 -1 687.1178416867226 266 3
267 25 -1 978.3944037975107 267 25
267 128 -1 320.6095792850592 267 128
264 93 -1 626.8952153110309 264 93
264 282 -1 331.8845584545819 264 282
265 10 -1 533.6959286268301 265 10
265 92 -1 569.3881636059422 265 92
270 152 -1 671.5441302729845 270 152
270 95 -1 655.5542546484993 270 95
271 141 -1 841.851338342775 271 141
271 82 -1 780.0647130404611 271 82
268 165 -1 574.6464560114323 268 165
268 183 -1 766.2374201503815 268 183
269 156 -1 329.46286994513196 269 156
269 29 -1 151.24796901894535 269 29
305 4 -1 368.04982599798427 305 4
305 8 -1 130.15049055084808 305 8
304 118 -1 724.2915709828693 304 118
304 172 -1 935.8533276895089 304 172
307 206 -1 1006.609978429028 307 206
307 175 -1 563.4509089226116 307 175
306 6 -1 989.5935887013251 306 6
306 128 -1 133.11180215809532 306 128
309 180 -1 990.365518197936 309 180
309 287 -1 634.0572407299452 309 287
308 173 -1 166.1443391157519 308 173
308 16 -1 394.7090099556335 308 16
311 2 -1 432.8516708657738 311 2
311 11 -1 350.9655110633039 311 11
310 10 -1 85.58080686292305 310 10
310 260 -1 710.0727670505486 310 260
313 115 -1 195.1220908014201 313 115
313 256 -1 675.0937895720825 313 256
312 104 -1 573.5941116660043 312 104
312 270 -1 706.6582057580663 312 270
315 252 -1 345.29516886996066 315 252
315 311 -1 867.2040835783416 315 311
314 185 -1 780.1768784192956 314 185
314 81 -1 292.2965615754115 314 81
317 10 -1 99.98669631799544 317 10
317 157 -1 479.38164652979185 317 157
316 44 -1 619.477993858617 316 44
316 226 -1 488.2326976780811 316 226
319 256 -1 247.3019472313705 319 256
319 138 -1 860.0987041138623 319 138
318 83 -1 603.9433143541586 318 83
318 111 -1 222.26565409483055 318 111
288 125 -1 104.00529651786542 288 125
288 183 -1 210.81973768016474 288 183
289 199 -1 565.8994030822319 289 199
289 52 -1 280.0974032407214 289 52
290 210 -1 317.7141325435797 290 210
290 99 -1 218.65601171364403 290 99
291 222 -1 434.9456324940211 291 222
291 9 -1 187.89638420922063 291 9
292 87 -1 134.26043853771012 292 87
292 23 -1 613.019290293696 292 23
293 188 -1 896.7941853393969 293 188
293 230 -1 25.123570996334024 293 230
294 131 -1 143.92064669308513 294 131
294 77 -1 933.6925435304128 294 77
295 287 -1 132.9569782299103 295 287
295 36 -1 930.6684023147552 295 36
296 87 -1 375.8230091107081 296 87
296 123 -1 897.8017548139607 296 123
297 62 -1 526.9198785963698 297 62
297 121 -1 500.83508881294915 297 121
298 280 -1 70.94617187539882 298 280
298 224 -1 905.5316365118468 298 224
299 114 -1 490.20114635910693 299 114
299 221 -1 375.83775738237296 299 221
300 37 -1 967.1676227789854 300 37
300 136 -1 720.2652847956771 300 136
301 96 -1 89.7622744079548 301 96
301 105 -1 97.04823703874774 301 105
302 139 -1 713.596159775751 302 139
302 173 -1 574.7433834462157 302 173
303 137 -1 854.7406063737096 303 137
303 136 -1 848.9968470642582 303 136
343 291 -1 983.0497727588111 343 291
343 159 -1 793.2713052957561 343 159
342 292 -1 949.5878267349601 342 292
342 277 -1 1010.5134728995853 342 277
341 219 -1 319.20153549489396 341 219
341 178 -1 565.6613072673523 341 178
340 9 -1 422.6620092408781 340 9
340 137 -1 851.3774508906914 340 137
339 228 -1 201.61416992981106 339 228
339 253 -1 352.5217574836862 339 253
338 290 -1 405.8340770165523 338 290
338 123 -1 131.74908181347269 338 123
337 64 -1 985.1466276380149 337 64
337 95 -1 51.05773825542815 337 95
336 305 -1 729.3586754950335 336 305
336 86 -1 427.5369800190783 336 86
351 20 -1 261.28855465379365 351 20
351 113 -1 53.63290752934597 351 113
350 165 -1 64.96580928141611 350 165
350 237 -1 132.17973297680965 350 237
349 144 -1 312.9247617577247 349 144
349 54 -1 868.8196716940122 349 54
348 27 -1 294.0745569682148 348 27
348 102 -1 696.4912531934757 348 102
347 161 -1 962.6809676422779 347 161
347 226 -1 136.00133023704177 347 226
346 316 -1 832.2942399250778 346 316
346 159 -1 562.579402356355 346 159
345 165 -1 477.3307179202766 345 165
345 304 -1 540.5517833102145 345 304
344 97 -1 474.82971817916007 344 97
344 125 -1 536.4941197651438 344 125
326 69 -1 1021.35234346993 326 69
326 149 -1 308.4507214617387 326 149
327 131 -1 373.4771237283651 327 131
327 257 -1 182.3362921863087 327 257
324 75 -1 933.1948150140428 324 75
324 109 -1 873.6635126844983 324 109
325 210 -1 456.2173413511214 325 210
325 95 -1 755.803405108523 325 95
322 273 -1 47.20077938103054 322 273
322 59 -1 705.01365071161 322 59
323 79 -1 66.06479536909899 323 79
323 345 -1 23.62321952830723 323 345
320 96 -1 842.1544965241745 320 96
320 322 -1 1023.8141772373972 320 322
321 169 -1 271.53107273441026 321 169
321 99 -1 123.53190256074436 321 99
334 203 -1 243.43923030021347 334 203
334 186 -1 331.30958078988135 334 186
335 175 -1 973.0020946342468 335 175
335 250 -1 22.3326626911188 335 250
332 3 -1 951.7867862423384 332 3
332 40 -1 601.0467663137622 332 40
333 29 -1 794.9399172688601 333 29
333 199 -1 618.0701168066527 333 199
330 252 -1 269.18999181227196 330 252
330 241 -1 243.23436752275052 330 241
331 245 -1 861.2411546740611 331 245
331 165 -1 364.9548872286731 331 165
328 347 -1 979.559963664403 328 347
328 107 -1 647.7392333313885 328 107
329 263 -1 493.60369704478035 329 263
329 305 -1 876.03742546172 329 305
373 255 -1 640.3793732085892 373 255
373 306 -1 892.2025857160687 373 306
372 138 -1 912.7220022363526 372 138
372 148 -1 436.5914339615009 372 148
375 0 -1 258.37061477566374 375 0
375 234 -1 988.897099835943 375 234
374 175 -1 773.4552133763332 374 175
374 201 -1 735.893771311109 374 201
369 129 -1 790.6631858264311 369 129
369 297 -1 95.38081604607987 369 297
368 235 -1 299.54854930621093 368 235
368 59 -1 540.4664344711293 368 59
371 315 -1 761.7074622103839 371 315
371 63 -1 555.4772650041884 371 63
370 40 -1 1012.3486993214733 370 40
370 88 -1 256.91034766630105 370 88
381 123 -1 438.10780247626053 381 123
381 13 -1 29.77568114581129 381 13
380 156 -1 996.8542470680134 380 156
380 254 -1 516.0540454618811 380 254
383 50 -1 909.0923123239014 383 50
383 214 -1 957.1086876177396 383 214
382 109 -1 504.5136160639272 382 109
382 319 -1 877.2500836081888 382 319
377 331 -1 722.0744715974454 377 331
377 73 -1 43.36839063788614 377 73
376 46 -1 235.64621898213966 376 46
376 31 -1 934.192205312608 376 31
379 338 -1 915.0323229002464 379 338
379 330 -1 325.735385323229 379 330
378 160 -1 481.5480958252705 378 160
378 233 -1 68.83314697807123 378 233
356 244 -1 738.5636136039715 356 244
356 87 -1 426.72685887481384 356 87
357 36 -1 559.2994800687289 357 36
357 88 -1 743.0899486858675 357 88
358 247 -1 173.8096731679493 358 247
358 20 -1 663.2934765806822 358 20
359 87 -1 942.7709707348693 359 87
359 324 -1 514.293046866244 359 324
352 227 -1 588.7875023141595 352 227
352 301 -1 1019.9090075457235 352 301
353 218 -1 1013.669988643314 353 218
353 71 -1 866.4212111868499 353 71
354 117 -1 339.00206815845206 354 117
354 126 -1 864.2672402707377 354 126
355 260 -1 570.9916297878785 355 260
355 250 -1 728.647470933813 355 250
364 194 -1 801.8230233254534 364 194
364 208 -1 303.68123892114147 364 208
365 72 -1 746.1619490735285 365 72
365 252 -1 260.1052396127026 365 252
366 339 -1 107.15556348795815 366 339
366 372 -1 679.9223457443893 366 372
367 45 -1 787.4899316938822 367 45
367 76 -1 278.5816561261362 367 76
360 189 -1 675.223176516289 360 189
360 304 -1 1008.5625597780614 360 304
361 358 -1 712.7143321843724 361 358
361 232 -1 378.90839320160455 361 232
362 205 -1 382.8250253523835 362 205
362 257 -1 557.9542473399885 362 257
363 267 -1 957.7273107784008 363 267
363 165 -1 443.30410623935086 363 165
410 334 -1 349.9867082718822 410 334
410 69 -1 322.4792652224812 410 69
411 225 -1 18.120747870690366 411 225
411 282 -1 492.90852015891414 411 282
408 64 -1 633.6303838959075 408 64
408 104 -1 872.9174241305345 408 104
409 114 -1 17.989612858199962 409 114
409 104 -1 187.87882896816677 409 104
414 338 -1 607.8369778531613 414 338
414 27 -1 32.797725801827255 414 27
415 350 -1 177.5393778676937 415 350
415 1 -1 131.8293168885058 415 1
412 26 -1 517.5330218228086 412 26
412 365 -1 180.03892909904016 412 365
413 89 -1 1010.3721618383908 413 89
413 369 -1 801.5629557865524 413 369
402 354 -1 713.5963184366906 402 354
402 413 -1 34.59407318458409 402 413
403 327 -1 41.67407860404364 403 327
403 237 -1 521.5503260655449 403 237
400 147 -1 942.4412234852493 400 147
400 265 -1 311.08170047724843 400 265
401 197 -1 933.0177991345962 401 197
401 273 -1 805.0854918387215 401 273
406 319 -1 854.9625337709703 406 319
406 151 -1 697.4207783381235 406 151
407 149 -1 218.66963679151593 407 149
407 101 -1 117.92223275003221 407 101
404 302 -1 626.8505001614601 404 302
404 342 -1 110.06225005048907 404 342
405 326 -1 583.3653540110824 405 326
405 89 -1 627.5959174429843 405 89
395 193 -1 459.16644800599 395 193
395 208 -1 807.5675501579493 395 208
394 24 -1 717.5740494769625 394 24
394 245 -1 743.5649486470338 394 245
393 57 -1 471.4129213063301 393 57
393 338 -1 297.0767347705395 393 338
392 41 -1 429.93444716568183 392 41
392 194 -1 390.81943270432737 392 194
399 86 -1 119.6591958435763 399 86
399 19 -1 952.5520399885751 399 19
398 223 -1 173.4221204209141 398 223
398 278 -1 391.49734238032613 398 278
397 145 -1 1004.5751928495546 397 145
397 340 -1 446.80451123055275 397 340
396 337 -1 100.30545464205488 396 337
396 111 -1 117.07285495220401 396 111
387 220 -1 874.6659870482016 387 220
387 169 -1 672.9263148527972 387 169
386 306 -1 549.66000127238 386 306
386 58 -1 349.38057017321194 386 58
385 296 -1 56.830764018781565 385 296
385 148 -1 153.61739376127787 385 148
384 253 -1 663.9279848534111 384 253
384 397 -1 54.24340131298993 384 397
391 351 -1 540.3843445801162 391 351
391 163 -1 855.4884784284533 391 163
390 358 -1 1007.1108854241673 390 358
390 148 -1 918.2777724272246 390 148
389 50 -1 244.25978609957906 389 50
389 214 -1 397.7758532715184 389 214
388 269 -1 221.16990700888982 388 269
388 158 -1 920.88864757518 388 158
440 7 -1 793.4141158502874 440 7
440 309 -1 35.12543479561111 440 309
441 239 -1 800.2799065181034 441 239
441 304 -1 943.6771926905113 441 304
442 276 -1 757.2614724281566 442 276
442 177 -1 829.4182219609282 442 177
443 185 -1 265.8625192047549 443 185
443 194 -1 705.549358227027 443 194
444 158 -1 13.427114176305508 444 158
444 89 -1 547.5361991104287 444 89
445 37 -1 128.46280100961133 445 37
445 15 -1 747.9886514307806 445 15
446 390 -1 542.9902423436322 446 390
446 138 -1 519.0032629657663 446 138
447 59 -1 10.555502868678104 447 59
447 220 -1 791.5300961767989 447 220
432 442 -1 240.14405456346753 432 442
432 90 -1 927.7192880741095 432 90
433 257 -1 61.184935364286616 433 257
433 214 -1 185.29996728387823 433 214
434 93 -1 724.4680757449471 434 93
434 409 -1 255.90343503026986 434 409
435 37 -1 62.93655942004625 435 37
435 267 -1 977.1496318681135 435 267
436 32 -1 783.6852373198335 436 32
436 412 -1 153.64407008839726 436 412
437 405 -1 73.04408529880982 437 405
437 182 -1 232.56819609632203 437 182
438 184 -1 825.7505078818107 438 184
438 249 -1 699.8544744409901 438 249
439 75 -1 16.547569271283123 439 75
439 93 -1 270.60623171626173 439 93
425 163 -1 505.45635463970905 425 163
425 437 -1 93.84983532106958 425 437
424 16 -1 237.37326885680477 424 16
424 321 -1 700.8434500389375 424 321
427 323 -1 526.80438773242 427 323
427 184 -1 509.3933138758441 427 184
426 232 -1 775.4262981400692 426 232
426 343 -1 193.0346357849869 426 343
429 271 -1 949.6354560084028 429 271
429 41 -1 177.75857386862685 429 41
428 194 -1 106.91790667438761 428 194
428 29 -1 659.4847462122613 428 29
431 141 -1 865.1960813231484 431 141
431 229 -1 895.872762717248 431 229
430 283 -1 703.4755726809038 430 283
430 171 -1 815.6152806312216 430 171
417 381 -1 324.22473215933087 417 381
417 322 -1 432.4063904760368 417 322
416 350 -1 493.5632378161114 416 350
416 55 -1 833.9792063881208 416 55
419 218 -1 840.0508882847723 419 218
419 200 -1 170.0155267414009 419 200
418 26 -1 726.5643998370585 418 26
418 87 -1 782.7543700155279 418 87
421 287 -1 718.3326872837426 421 287
421 167 -1 151.0249124308773 421 167
420 287 -1 106.531787202994 420 287
420 28 -1 903.9452995547716 420 28
423 37 -1 816.185451917428 423 37
423 353 -1 1030.7408195948633 423 353
422 272 -1 146.81168711163673 422 272
422 32 -1 1012.6262131963568 422 32
478 21 -1 710.8782413060743 478 21
478 165 -1 738.6815418315257 478 165
479 43 -1 307.1241879376473 479 43
479 297 -1 865.1782494256524 479 297
476 144 -1 191.3119576777009 476 144
476 37 -1 85.96591380174812 476 37
477 101 -1 248.6193266285386 477 101
477 213 -1 841.9390849438006 477 213
474 385 -1 749.2435741034899 474 385
474 93 -1 751.1466456258589 474 93
475 319 -1 706.1014706738979 475 319
475 151 -1 236.05025651371932 475 151
472 314 -1 442.6140594059598 472 314
472 414 -1 166.08164708245965 472 414
473 231 -1 847.7908371994743 473 231
473 309 -1 798.226247866733 473 309
470 430 -1 189.3246202821632 470 430
470 443 -1 511.77342118381057 470 443
471 113 -1 488.8532055166228 471 113
471 95 -1 820.2321749553928 471 95
468 417 -1 17.960923615747788 468 417
468 10 -1 555.1432550768334 468 10
469 339 -1 25.816580885724647 469 339
469 41 -1 701.5628828355208 469 41
466 153 -1 365.60965788274484 466 153
466 280 -1 994.5586668684814 466 280
467 308 -1 11.848943878545697 467 308
467 148 -1 574.2753720317289 467 148
464 15 -1 729.7138566019324 464 15
464 377 -1 771.3088600302915 464 377
465 345 -1 755.9854146823618 465 345
465 236 -1 113.92895281052438 465 236
463 128 -1 941.3660622950099 463 128
463 394 -1 553.675614129524 463 394
462 10 -1 500.15206711441556 462 10
462 473 -1 172.89213438301078 462 473
461 84 -1 445.86395859672007 461 84
461 60 -1 214.4619649445375 461 60
460 353 -1 532.2654910283222 460 353
460 37 -1 158.45396757956723 460 37
459 469 -1 45.13055210762832 459 469
459 151 -1 51.54174602228932 459 151
458 314 -1 548.574877237488 458 314
458 275 -1 168.22748863464028 458 275
457 325 -1 181.79944401311457 457 325
457 465 -1 402.9327562558151 457 465
456 100 -1 951.3110086323749 456 100
456 357 -1 557.6760433415196 456 357
455 137 -1 455.80782359654233 455 137
455 330 -1 281.1774038314868 455 330
454 336 -1 346.12535105258837 454 336
454 153 -1 188.49377969828709 454 153
453 474 -1 940.7651952060095 453 474
453 346 -1 607.0390584023305 453 346
452 346 -1 746.2764186553596 452 346
452 327 -1 507.0242967575987 452 327
451 185 -1 418.87293260608294 451 185
451 132 -1 734.6087690727225 451 132
450 285 -1 98.45735786182468 450 285
450 338 -1 199.50338552006588 450 338
449 406 -1 221.10473466595806 449 406
449 306 -1 259.16545336952026 449 306
448 460 -1 230.91605091749125 448 460
448 418 -1 549.1510520249409 448 418
508 95 -1 925.7524281568969 508 95
508 268 -1 721.9277849238157 508 268
509 478 -1 705.4035321418755 509 478
509 339 -1 420.75981190900893 509 339
510 285 -1 936.4216750154654 510 285
510 233 -1 468.47385116187 510 233
511 274 -1 421.6511045959097 511 274
511 18 -1 530.4000602746604 511 18
504 358 -1 789.2718135149464 504 358
504 380 -1 419.7178864391964 504 380
505 340 -1 1019.3957789574882 505 340
505 149 -1 811.8455849423234 505 149
506 318 -1 746.4311584585196 506 318
506 376 -1 471.4771466700813 506 376
507 291 -1 58.63754032650763 507 291
507 171 -1 555.1393798998265 507 171
500 295 -1 681.7540449372519 500 295
500 170 -1 599.8355526467598 500 170
501 224 -1 452.32322403557146 501 224
501 248 -1 727.8587740515751 501 248
502 46 -1 881.4975535727372 502 46
502 142 -1 513.4914637061723 502 142
503 381 -1 880.6655208133633 503 381
503 45 -1 656.4616480408632 503 45
496 304 -1 724.7315880448069 496 304
496 69 -1 1027.0253197570119 496 69
497 390 -1 138.6966158403343 497 390
497 115 -1 366.8181695084795 497 115
498 440 -1 396.1309512320753 498 440
498 283 -1 530.9868695742095 498 283
499 123 -1 879.0141216916226 499 123
499 79 -1 1017.2729193285854 499 79
493 36 -1 610.4114082341304 493 36
493 268 -1 681.5138119715017 493 268
492 181 -1 123.15963882049641 492 181
492 465 -1 338.2719614348009 492 465
495 435 -1 812.5179753414722 495 435
495 130 -1 502.61777370503853 495 130
494 131 -1 393.1178818275372 494 131
494 453 -1 324.7463374206907 494 453
489 170 -1 927.6880687133748 489 170
489 450 -1 979.6539804693691 489 450
488 1 -1 656.8812620776687 488 1
488 6 -1 301.2661565138487 488 6
491 456 -1 959.3817805967124 491 456
491 437 -1 661.2739715308331 491 437
490 54 -1 980.8390301569109 490 54
490 114 -1 612.114886702072 490 114
485 355 -1 593.4440667526733 485 355
485 93 -1 637.8744930940559 485 93
484 412 -1 899.0004427684629 484 412
484 124 -1 377.52178055999536 484 124
487 187 -1 902.6530601753223 487 187
487 506 -1 321.98647822874807 487 506
486 232 -1 589.3469636077533 486 232
486 508 -1 256.84121298166883 486 508
481 317 -1 862.2481852898496 481 317
481 84 -1 332.98961618212104 481 84
480 117 -1 388.4990056125323 480 117
480 305 -1 792.1536881598427 480 305
483 248 -1 677.3811370125426 483 248
483 36 -1 552.5285272527188 483 36
482 39 -1 28.22060409738299 482 39
482 206 -1 982.1361238049338 482 206
550 393 -1 207.76862466586988 550 393
550 371 -1 643.2253449952855 550 371
551 202 -1 505.61981130240997 551 202
551 415 -1 517.4150709882026 551 415
548 60 -1 530.8860696764501 548 60
548 214 -1 899.513850631592 548 214
549 89 -1 459.72021959710366 549 89
549 329 -1 234.03722686111792 549 329
546 76 -1 978.1778115615606 546 76
546 85 -1 292.608719730027 546 85
547 170 -1 1001.0691245206685 547 170
547 242 -1 747.2260112794997 547 242
544 136 -1 766.23560791049 544 136
544 502 -1 1005.5800083069379 544 502
545 116 -1 931.3825098229464 545 116
545 350 -1 559.4259460170741 545 350
558 346 -1 111.64708146403404 558 346
558 251 -1 423.1834191706164 558 251
559 160 -1 495.57948374391447 559 160
559 120 -1 492.67636929142793 559 120
556 382 -1 309.99941877715185 556 382
556 12 -1 110.43926738925461 556 12
557 414 -1 46.98640135695689 557 414
557 36 -1 687.5805937249739 557 36
554 341 -1 749.3777051706618 554 341
554 293 -1 391.6992406110413 554 293
555 399 -1 466.50681200047495 555 399
555 345 -1 160.78684703717443 555 345
552 246 -1 553.166907674417 552 246
552 40 -1 693.9843532602825 552 40
553 87 -1 570.8654095888671 553 87
553 109 -1 463.4081523283986 553 109
567 556 -1 197.17105253172633 567 556
567 455 -1 123.99939150498324 567 455
566 364 -1 732.528958954713 566 364
566 407 -1 332.72774125091587 566 407
565 293 -1 798.550324374742 565 293
565 275 -1 987.6729204613343 565 275
564 139 -1 368.6325674598579 564 139
564 85 -1 591.6054995681739 564 85
563 338 -1 777.9066972075105 563 338
563 308 -1 992.1185611652704 563 308
562 72 -1 887.503812586569 562 72
562 301 -1 876.4624257738129 562 301
561 480 -1 920.822924251004 561 480
561 545 -1 882.3828018512562 561 545
560 36 -1 160.92765487483996 560 36
560 411 -1 760.3805642380572 560 411
575 275 -1 282.54886090042123 575 275
575 476 -1 421.7084367632874 575 476
574 88 -1 466.7324158754169 574 88
574 246 -1 731.5551424055595 574 246
573 22 -1 490.1116529484967 573 22
573 54 -1 1005.9647238777712 573 54
572 553 -1 239.68556520103823 572 553
572 471 -1 388.87451410264373 572 471
571 472 -1 324.1664108389384 571 472
571 560 -1 80.55305446205966 571 560
570 376 -1 116.6711617892264 570 376
570 299 -1 245.67934277618463 570 299
569 135 -1 939.7209664642673 569 135
569 221 -1 719.288602061695 569 221
568 354 -1 510.44987576251526 568 354
568 276 -1 809.863091074621 568 276
516 109 -1 961.0075473391607 516 109
516 309 -1 33.69489283695441 516 309
517 203 -1 1014.2290293493606 517 203
517 59 -1 13.00691181532386 517 59
518 470 -1 619.441546513767 518 470
518 427 -1 1007.1279341380789 518 427
519 295 -1 1003.8806049815765 519 295
519 153 -1 835.1540202775437 519 153
512 166 -1 60.26827217041364 512 166
512 295 -1 992.1013747804117 512 295
513 27 -1 241.22854968729405 513 27
513 485 -1 301.14869828694066 513 485
514 169 -1 232.23495296725548 514 169
514 517 -1 595.7303658165532 514 517
515 315 -1 526.5392257889969 515 315
515 112 -1 622.2395410431224 515 112
524 344 -1 982.378389146317 524 344
524 140 -1 479.4412360857183 524 140
525 151 -1 286.43599690118083 525 151
525 555 -1 911.8211968220039 525 555
526 525 -1 595.797504640645 526 525
526 340 -1 883.7884120651606 526 340
527 337 -1 29.476958138358214 527 337
527 273 -1 467.29733599194697 527 273
520 387 -1 589.7769786093564 520 387
520 392 -1 118.64573456967742 520 392
521 573 -1 920.0222644693167 521 573
521 294 -1 484.7384789502312 521 294
522 478 -1 860.6341690351458 522 478
522 106 -1 488.9457975888889 522 106
523 206 -1 923.6659403432495 523 206
523 142 -1 703.2210999455718 523 142
533 117 -1 383.14558422370703 533 117
533 303 -1 442.0322241149154 533 303
532 23 -1 504.68823333611965 532 23
532 30 -1 759.7276404250199 532 30
535 525 -1 659.6110792281023 535 525
535 215 -1 795.870601699431 535 215
534 252 -1 1024.5564456544744 534 252
534 113 -1 535.3532180636712 534 113
529 332 -1 365.26501274036707 529 332
529 122 -1 764.1524753029646 529 122
528 16 -1 651.657469681363 528 16
528 130 -1 623.2669892567112 528 130
531 301 -1 531.4273540643192 531 301
531 177 -1 913.2515216463985 531 177
530 423 -1 546.2572643623143 530 423
530 18 -1 446.3559660757131 530 18
541 565 -1 743.646515777586 541 565
541 185 -1 279.4829008645132 541 185
540 186 -1 691.7752163847834 540 186
540 258 -1 259.9391341529538 540 258
543 479 -1 309.0491066891809 543 479
543 283 -1 44.056108693851456 543 283
542 558 -1 542.6078488110444 542 558
542 405 -1 355.14382916443446 542 405
537 217 -1 1016.7024130748612 537 217
537 134 -1 261.8522972433194 537 134
536 242 -1 464.20441802296705 536 242
536 119 -1 450.68152535503293 536 119
539 327 -1 843.8361105916301 539 327
539 97 -1 845.160719299997 539 97
538 408 -1 643.5120771284315 538 408
538 24 -1 342.94324506298346 538 24
610 326 -1 753.8604644442851 610 326
610 134 -1 205.7622572094724 610 134
611 524 -1 505.96755058640156 611 524
611 42 -1 722.7604642730512 611 42
608 20 -1 556.5589134882088 608 20
608 538 -1 651.3719629969436 608 538
609 122 -1 53.66248505235228 609 122
609 313 -1 618.3645986832114 609 313
614 360 -1 576.3991126630125 614 360
614 272 -1 552.3553001715856 614 272
615 548 -1 999.5057537381415 615 548
615 161 -1 582.5424299220417 615 161
612 519 -1 225.99546681227332 612 519
612 254 -1 474.3688415152395 612 254
613 376 -1 988.3083615709903 613 376
613 523 -1 638.5900528438929 613 523
618 344 -1 534.8295090975543 618 344
618 151 -1 630.6765600189949 618 151
619 506 -1 408.06060065521035 619 506
619 402 -1 743.6441361347981 619 402
616 362 -1 624.4072238337318 616 362
616 91 -1 660.0619827400196 616 91
617 441 -1 110.73315081491035 617 441
617 572 -1 663.9752746440791 617 572
622 348 -1 382.6490005096874 622 348
622 534 -1 256.2544497398575 622 534
623 329 -1 200.28725273456644 623 329
623 212 -1 330.24489615561674 623 212
620 23 -1 310.03501794076726 620 23
620 17 -1 918.9305413981373 620 17
621 289 -1 654.9309177774895 621 289
621 66 -1 75.56727380823907 621 66
627 232 -1 951.0148761203792 627 232
627 295 -1 268.96981206090084 627 295
626 276 -1 547.9019231148844 626 276
626 469 -1 998.8423664531297 626 469
625 508 -1 394.9395477690374 625 508
625 255 -1 268.51857986916957 625 255
624 87 -1 109.51373386217051 624 87
624 375 -1 499.5963382121105 624 375
631 349 -1 995.2113348926836 631 349
631 36 -1 211.44448628762996 631 36
630 505 -1 96.5185622284124 630 505
630 217 -1 522.4632150909181 630 217
629 436 -1 780.8542358015203 629 436
629 348 -1 446.5981518678335 629 348
628 342 -1 872.7250101792846 628 342
628 173 -1 390.4523947104818 628 173
635 406 -1 574.4919194472646 635 406
635 511 -1 178.47767406793298 635 511
634 311 -1 718.2214921394783 634 311
634 107 -1 766.2332860934532 634 107
633 281 -1 443.68079298545945 633 281
633 230 -1 435.58499218537634 633 230
632 87 -1 384.23250820203407 632 87
632 8 -1 784.216181625136 632 8
639 189 -1 211.75804986372157 639 189
639 520 -1 272.1959492368941 639 520
638 229 -1 861.7892090959186 638 229
638 535 -1 454.3805757295179 638 535
637 149 -1 344.133209722458 637 149
637 78 -1 267.57073999001466 637 78
636 254 -1 448.733689321684 636 254
636 9 -1 462.8663312845109 636 9
576 338 -1 489.82601452746735 576 338
576 306 -1 401.855670897559 576 306
577 300 -1 869.0376121431676 577 300
577 241 -1 144.69581526499007 577 241
578 170 -1 103.26984160670781 578 170
578 66 -1 454.26661932764546 578 66
579 343 -1 830.4799022071124 579 343
579 310 -1 435.37884171162193 579 310
580 427 -1 702.6615322313994 580 427
580 384 -1 203.4819920868656 580 384
581 507 -1 587.8879812635583 581 507
581 445 -1 659.2167415749205 581 445
582 50 -1 295.1670109211616 582 50
582 281 -1 265.26540651567007 582 281
583 104 -1 15.69592098881742 583 104
583 230 -1 994.1519078531816 583 230
584 72 -1 186.49334133850425 584 72
584 70 -1 336.6736824495116 584 70
585 317 -1 1026.240278978251 585 317
585 286 -1 633.1811498668608 585 286
586 428 -1 1027.9337556344226 586 428
586 46 -1 636.0655028455743 586 46
587 96 -1 440.68797587383415 587 96
587 356 -1 363.96449642506536 587 356
588 61 -1 362.9479613203014 588 61
588 286 -1 614.0248994023987 588 286
589 124 -1 227.26268344394975 589 124
589 24 -1 495.82022838464206 589 24
590 307 -1 642.228323680039 590 307
590 40 -1 647.64536381465 590 40
591 329 -1 280.03585928582163 591 329
591 266 -1 557.6330817280516 591 266
593 491 -1 808.2739810196713 593 491
593 172 -1 518.8622434473682 593 172
592 59 -1 464.8177467344175 592 59
592 190 -1 173.05750167025997 592 190
595 91 -1 876.0695224182649 595 91
595 619 -1 995.32829550945 595 619
594 218 -1 13.805299949011214 594 218
594 293 -1 883.030101976548 594 293
597 71 -1 944.7545353637427 597 71
597 158 -1 415.89500911416667 597 158
596 225 -1 753.2765621356077 596 225
596 34 -1 59.7996407420037 596 34
599 625 -1 123.73314243997356 599 625
599 502 -1 998.5947627977264 599 502
598 615 -1 642.550687048798 598 615
598 487 -1 368.2746071930285 598 487
601 226 -1 323.3650624621955 601 226
601 198 -1 787.4682515241639 601 198
600 161 -1 375.46466413154246 600 161
600 557 -1 106.42958353975234 600 557
603 550 -1 351.3883601900442 603 550
603 465 -1 120.16127175257066 603 465
602 42 -1 57.933886672083304 602 42
602 219 -1 396.38832150665223 602 219
605 154 -1 104.89347190163937 605 154
605 221 -1 176.51250987536162 605 221
604 261 -1 994.5714422542284 604 261
604 75 -1 733.4353168695317 604 75
607 11 -1 431.7822075178618 607 11
607 505 -1 23.55311617367977 607 505
606 392 -1 187.3467139097437 606 392
606 546 -1 776.3638603006402 606 546
687 42 -1 112.1170423565743 687 42
687 18 -1 779.0919206555866 687 18
686 571 -1 876.9116581168522 686 571
686 139 -1 461.84121791135885 686 139
685 237 -1 144.84682646321676 685 237
685 220 -1 563.5729239356344 685 220
684 109 -1 911.9867323976073 684 109
684 517 -1 858.5989615338299 684 517
683 559 -1 430.79086304873226 683 559
683 572 -1 62.03754576015865 683 572
682 561 -1 72.04058832089538 682 561
682 480 -1 688.8944769290079 682 480
681 351 -1 890.7649869539858 681 351
681 288 -1 975.7952976008401 681 288
680 197 -1 626.2648587374644 680 197
680 505 -1 153.8571194191435 680 505
679 110 -1 1009.4352180816097 679 110
679 338 -1 773.3893310407249 679 338
678 588 -1 657.566475143633 678 588
678 166 -1 481.86063566738903 678 166
677 685 -1 138.06603826924186 677 685
677 107 -1 1011.1928711366261 677 107
676 564 -1 381.0604736418254 676 564
676 344 -1 910.5617972063482 676 344
675 75 -1 141.382789922205 675 75
675 70 -1 872.4293421884246 675 70
674 274 -1 870.4166853083965 674 274
674 259 -1 898.3923186045448 674 259
673 153 -1 638.1461067887742 673 153
673 485 -1 424.5873394802602 673 485
672 140 -1 137.87369083632245 672 140
672 326 -1 324.40490961380954 672 326
702 514 -1 564.8303053838466 702 514
702 289 -1 521.2100368566058 702 289
703 144 -1 261.0267059910284 703 144
703 478 -1 577.5426148454388 703 478
700 157 -1 665.2010895974678 700 157
700 379 -1 901.6357426193538 700 379
701 426 -1 718.5146224910307 701 426
701 48 -1 743.4227912005827 701 48
698 375 -1 487.6813664255993 698 375
698 156 -1 822.3301869190523 698 156
699 394 -1 402.69176494178953 699 394
699 54 -1 51.171041258223795 699 54
696 455 -1 673.7133897579247 696 455
696 9 -1 749.9999585624003 696 9
697 464 -1 540.5349529288101 697 464
697 105 -1 901.0282028770911 697 105
694 230 -1 529.8482217649453 694 230
694 383 -1 665.0394328072144 694 383
695 244 -1 694.752827113406 695 244
695 212 -1 864.2265027362007 695 212
692 410 -1 699.8075942747186 692 410
692 604 -1 452.99419948329967 692 604
693 694 -1 856.7970009987797 693 694
693 111 -1 969.0220005569586 693 111
690 83 -1 674.7173785589796 690 83
690 134 -1 10.748863740963543 690 134
691 234 -1 184.20312617621823 691 234
691 116 -1 134.0258551463669 691 116
688 535 -1 841.9833071502616 688 535
688 551 -1 933.5439984145441 688 551
689 580 -1 316.6588166510734 689 580
689 535 -1 472.964867857155 689 535
653 459 -1 851.7544081620731 653 459
653 395 -1 998.4966475192996 653 395
652 294 -1 867.2781687534258 652 294
652 281 -1 605.0177113665494 652 281
655 511 -1 938.166581075446 655 511
655 126 -1 513.2550238494042 655 126
654 387 -1 391.1566497218756 654 387
654 101 -1 114.92216651152876 654 101
649 474 -1 271.0967902908932 649 474
649 343 -1 904.0590064194655 649 343
648 534 -1 52.37216591945287 648 534
648 347 -1 511.08390749814896 648 347
651 186 -1 593.5482594794684 651 186
651 456 -1 368.4319113804037 651 456
650 585 -1 48.308015152988446 650 585
650 394 -1 814.461471151932 650 394
645 10 -1 962.7646400253018 645 10
645 602 -1 763.6571791644396 645 602
644 554 -1 1010.5122522129356 644 554
644 636 -1 874.7646528546754 644 636
647 353 -1 68.72223601220367 647 353
647 260 -1 997.4171432962954 647 260
646 285 -1 627.1250661325753 646 285
646 281 -1 776.9922276038855 646 281
641 684 -1 601.4611200938524 641 684
641 496 -1 269.8939357922045 641 496
640 513 -1 1033.4276036850792 640 513
640 531 -1 613.8444104761628 640 531
643 126 -1 913.8303212604736 643 126
643 73 -1 759.1948434082581 643 73
642 655 -1 471.7618990972097 642 655
642 256 -1 186.84275388886545 642 256
668 459 -1 416.92686198351896 668 459
668 413 -1 582.4211462001263 668 413
669 93 -1 875.8868949779205 669 93
669 556 -1 265.5276321429553 669 556
670 224 -1 942.7599393844388 670 224
670 494 -1 1028.1313972085834 670 494
671 580 -1 475.4752289733576 671 580
671 345 -1 190.265511046577 671 345
664 533 -1 255.08149831304513 664 533
664 322 -1 847.0738310117182 664 322
665 524 -1 1032.1370159169028 665 524
665 22 -1 510.89256685233306 665 22
666 420 -1 918.8131243128535 666 420
666 254 -1 182.24667759464558 666 254
667 323 -1 811.5385297093577 667 323
667 443 -1 395.94329356667356 667 443
660 225 -1 204.82809335196828 660 225
660 430 -1 835.7090526830185 660 430
661 201 -1 247.59682459791998 661 201
661 327 -1 567.4643628458554 661 327
662 258 -1 113.63496123880782 662 258
662 74 -1 633.2277622542505 662 74
663 349 -1 840.0631677592819 663 349
663 340 -1 1032.991705609355 663 340
656 688 -1 668.0349459490643 656 688
656 524 -1 333.6698259988916 656 524
657 440 -1 759.850138170619 657 440
657 464 -1 820.5998198349304 657 464
658 452 -1 256.11480448107307 658 452
658 34 -1 992.2798863423618 658 34
659 151 -1 935.2709890078702 659 151
659 546 -1 813.4774110198205 659 546
747 259 -1 971.0731075222822 747 259
747 571 -1 123.3567504804322 747 571
746 230 -1 979.4997479095947 746 230
746 597 -1 80.70251804534428 746 597
745 339 -1 991.2325806948477 745 339
745 69 -1 251.3311664870056 745 69
744 122 -1 960.2205885651528 744 122
744 530 -1 968.3336413132809 744 530
751 34 -1 68.76571888494698 751 34
751 267 -1 273.87084935860196 751 267
750 563 -1 680.8910413189601 750 563
750 151 -1 862.9345997794078 750 151
749 224 -1 181.28292296775123 749 224
749 45 -1 370.92729680772504 749 45
748 594 -1 716.4445641074373 748 594
748 85 -1 182.85747031346284 748 85
739 582 -1 795.5285139199735 739 582
739 19 -1 448.9241930312252 739 19
738 665 -1 450.52834210276535 738 665
738 186 -1 230.97679372704408 738 186
737 605 -1 434.40141272177925 737 605
737 515 -1 669.3926146332931 737 515
736 538 -1 159.765631303977 736 538
736 272 -1 715.4394022977597 736 272
743 551 -1 564.7413678271798 743 551
743 270 -1 598.0240033498328 743 270
742 457 -1 96.58207885081129 742 457
742 567 -1 664.7740506811886 742 567
741 598 -1 702.4829702682684 741 598
741 67 -1 283.8544555368867 741 67
740 621 -1 880.5305424691134 740 621
740 379 -1 303.92761401131486 740 379
762 411 -1 251.21802204784478 762 411
762 509 -1 558.2492637242808 762 509
763 155 -1 897.2490995951692 763 155
763 396 -1 922.2350233632583 763 396
760 432 -1 15.931414111695517 760 432
760 369 -1 615.4798094648123 760 369
761 656 -1 1012.811340438128 761 656
761 571 -1 470.3621632317262 761 571
766 607 -1 371.6777957304622 766 607
766 685 -1 961.8710724287902 766 685
767 269 -1 473.0225929547113 767 269
767 292 -1 661.7963988676844 767 292
764 299 -1 304.9535606322529 764 299
764 110 -1 730.3766663398644 764 110
765 535 -1 310.368739647232 765 535
765 345 -1 301.08353030153535 765 345
754 473 -1 494.8020625265232 754 473
754 290 -1 479.96806310991985 754 290
755 351 -1 934.5420647814137 755 351
755 619 -1 636.6739904498692 755 619
752 651 -1 759.8863896654958 752 651
752 157 -1 957.9858751481185 752 157
753 599 -1 525.2706416709933 753 599
753 49 -1 750.7707405019278 753 49
758 288 -1 14.753727746938125 758 288
758 478 -1 734.5428129262566 758 478
759 355 -1 483.3351130852152 759 355
759 308 -1 470.1554013382637 759 308
756 232 -1 854.5736876810524 756 232
756 276 -1 123.44781750054824 756 276
757 645 -1 316.7266282272898 757 645
757 640 -1 1007.6433476657093 757 640
713 445 -1 985.0017006395846 713 445
713 227 -1 797.8552076102803 713 227
712 747 -1 559.8695755274085 712 747
712 110 -1 683.3735882516406 712 110
715 89 -1 215.77455023948687 715 89
715 598 -1 947.1278588010763 715 598
714 639 -1 357.28274886910356 714 639
714 501 -1 732.8175860557892 714 501
717 627 -1 565.1048267976711 717 627
717 187 -1 479.5193629192015 717 187
716 252 -1 524.8670154773208 716 252
716 599 -1 95.46659847140052 716 599
719 410 -1 252.1350082152203 719 410
719 251 -1 662.2642740800068 719 251
718 556 -1 589.9977906240549 718 556
718 542 -1 955.7512079023777 718 542
705 386 -1 415.00030076806775 705 386
705 474 -1 883.4324782518006 705 474
704 528 -1 362.5823913506539 704 528
704 498 -1 950.4149094523488 704 498
707 715 -1 926.1901982440132 707 715
707 267 -1 1021.3884978559931 707 267
706 574 -1 187.15374312124777 706 574
706 554 -1 41.03366049344913 706 554
709 479 -1 93.86045267135819 709 479
709 57 -1 50.33142037689163 709 57
708 169 -1 293.2892852617788 708 169
708 363 -1 310.1974533063212 708 363
711 611 -1 781.0654222974421 711 611
711 78 -1 157.87822007143973 711 78
710 467 -1 568.0945960967377 710 467
710 618 -1 393.07260737953914 710 618
728 717 -1 498.75458537565635 728 717
728 668 -1 780.5327667277728 728 668
729 25 -1 29.35996281441578 729 25
729 639 -1 197.1676468455904 729 639
730 95 -1 282.2735962512353 730 95
730 223 -1 799.5119143613256 730 223
731 564 -1 697.2688441851259 731 564
731 659 -1 171.5097220914813 731 659
732 748 -1 303.19030305756166 732 748
732 501 -1 481.7074723851033 732 501
733 420 -1 864.0251542085944 733 420
733 504 -1 859.0411297529284 733 504
734 122 -1 732.9013303219157 734 122
734 478 -1 550.8390385950504 734 478
735 105 -1 68.83498194083381 735 105
735 54 -1 287.5900142222732 735 54
720 11 -1 27.16245009040972 720 11
720 735 -1 831.2712768584765 720 735
721 685 -1 762.9813219450601 721 685
721 619 -1 798.7157121644426 721 619
722 684 -1 751.4672875994451 722 684
722 21 -1 692.0864145189871 722 21
723 95 -1 531.1181726834758 723 95
723 507 -1 297.3748485458185 723 507
724 274 -1 903.6192126658793 724 274
724 395 -1 17.22218016678255 724 395
725 692 -1 527.831453330122 725 692
725 138 -1 811.350160281716 725 138
726 69 -1 36.535229416106176 726 69
726 123 -1 188.89917908878374 726 123
727 726 -1 717.188305894309 727 726
727 619 -1 171.33969197500244 727 619
821 694 -1 334.6496593277245 821 694
821 392 -1 91.13911709600507 821 392
820 538 -1 426.85967490308667 820 538
820 626 -1 479.409534776986 820 626
823 402 -1 299.7930518794575 823 402
823 38 -1 927.9731670335906 823 38
822 8 -1 590.6641465331045 822 8
822 575 -1 281.67467828858616 822 575
817 737 -1 977.9626571896875 817 737
817 479 -1 291.24071962952485 817 479
816 575 -1 285.81683658272743 816 575
816 144 -1 466.06827665926176 816 144
819 398 -1 526.8486819221814 819 398
819 26 -1 169.918487649275 819 26
818 146 -1 933.3912158462564 818 146
818 820 -1 809.9272389428177 818 820
829 217 -1 928.1041805994716 829 217
829 246 -1 185.51795853402461 829 246
828 321 -1 199.81461376623372 828 321
828 326 -1 157.5240176381035 828 326
831 590 -1 179.97259187231225 831 590
831 363 -1 77.49226475362718 831 363
830 176 -1 527.3292871636795 830 176
830 430 -1 952.2009621573366 830 430
825 487 -1 728.9499201196669 825 487
825 634 -1 871.3778090839177 825 634
824 315 -1 796.6087468612725 824 315
824 416 -1 620.5733203225271 824 416
827 197 -1 954.2205550199621 827 197
827 727 -1 647.7861108776441 827 727
826 94 -1 788.1573820495381 826 94
826 647 -1 490.0638803470471 826 647
804 98 -1 401.85296661208986 804 98
804 355 -1 690.9698444549401 804 355
805 126 -1 116.00037740725952 805 126
805 753 -1 715.394255673697 805 753
806 455 -1 34.85534086540065 806 455
806 399 -1 591.1479228752706 806 399
807 419 -1 735.1276366828529 807 419
807 678 -1 665.2535195311002 807 678
800 501 -1 336.40738856842927 800 501
800 701 -1 299.92669046142953 800 701
801 760 -1 451.7791321697928 801 760
801 324 -1 701.1188284359282 801 324
802 660 -1 964.3951448255 802 660
802 759 -1 518.4909946410843 802 759
803 827 -1 289.47093488124676 803 827
803 498 -1 402.5284157747177 803 498
812 326 -1 521.7699905394285 812 326
812 553 -1 304.6622533857575 812 553
813 705 -1 626.4951764958344 813 705
813 559 -1 1027.4768005687608 813 559
814 320 -1 1003.8233138899786 814 320
814 500 -1 860.3991186186823 814 500
815 218 -1 807.6984992673182 815 218
815 155 -1 122.93839646126446 815 155
808 596 -1 938.9804040998819 808 596
808 164 -1 441.85959155849173 808 164
809 658 -1 119.20638221010756 809 658
809 171 -1 392.01930774427933 809 171
810 176 -1 962.523791039751 810 176
810 697 -1 962.1754470366647 810 697
811 328 -1 960.128208559712 811 328
811 618 -1 814.6627727455578 811 618
791 320 -1 207.78023666383046 791 320
791 437 -1 222.61353967751893 791 437
790 71 -1 290.2593443131892 790 71
790 710 -1 1010.8542542475029 790 710
789 305 -1 431.4434462615569 789 305
789 82 -1 906.670934562318 789 82
788 716 -1 499.726655930475 788 716
788 355 -1 939.7599905347801 788 355
787 128 -1 862.0608230457577 787 128
787 812 -1 168.3272788760138 787 812
786 91 -1 470.4113445878527 786 91
786 48 -1 328.9138135394436 786 48
785 752 -1 404.4287986363224 785 752
785 101 -1 533.7491571642007 785 101
784 641 -1 249.87218288948918 784 641
784 820 -1 821.3591549882178 784 820
799 709 -1 1006.6837996567402 799 709
799 348 -1 814.6190232824206 799 348
798 407 -1 596.322023819667 798 407
798 164 -1 909.169564265487 798 164
797 586 -1 804.7217456433667 797 586
797 789 -1 601.5825797831249 797 789
796 748 -1 965.503492345844 796 748
796 538 -1 319.06619006521976 796 538
795 609 -1 667.5956772933449 795 609
795 703 -1 897.5874825907592 795 703
794 660 -1 719.0754592616723 794 660
794 312 -1 815.0048011884966 794 312
793 215 -1 593.6982661927202 793 215
793 290 -1 915.0120780738852 793 290
792 571 -1 101.9277669971624 792 571
792 65 -1 23.292195302531695 792 65
774 142 -1 312.1270742756416 774 142
774 646 -1 755.7999334388694 774 646
775 293 -1 824.6204925411289 775 293
775 719 -1 337.1463515793963 775 719
772 326 -1 135.6721051271769 772 326
772 330 -1 675.8556119304793 772 330
773 580 -1 185.76124331225458 773 580
773 39 -1 958.8701509667499 773 39
770 536 -1 123.56462879770834 770 536
770 290 -1 671.1392921450121 770 290
771 183 -1 132.00399584023955 771 183
771 213 -1 166.85274495020678 771 213
768 473 -1 383.45068508776546 768 473
768 670 -1 184.40688014399768 768 670
769 825 -1 994.7715492523688 769 825
769 298 -1 477.2176826014751 769 298
782 592 -1 966.5736875643425 782 592
782 795 -1 240.92401167790217 782 795
783 461 -1 542.9041757102973 783 461
783 237 -1 351.0294987200074 783 237
780 467 -1 772.5489777579892 780 467
780 249 -1 28.148755699644767 780 249
781 446 -1 837.0652106029964 781 446
781 821 -1 535.7198953061738 781 821
778 248 -1 475.14018816350983 778 248
778 679 -1 559.3372549582338 778 679
779 30 -1 456.0183012157047 779 30
779 98 -1 104.83762651530856 779 98
776 108 -1 910.7061977762158 776 108
776 716 -1 430.1473756565133 776 716
777 381 -1 568.7217788219422 777 381
777 614 -1 509.33023701800107 777 614
881 788 -1 544.5697736695961 881 788
881 602 -1 896.136680638272 881 602
880 518 -1 491.4477742255642 880 518
880 514 -1 497.8769059672161 880 514
883 419 -1 168.66923975456234 883 419
883 594 -1 494.18475619391427 883 594
882 762 -1 1019.5553833733404 882 762
882 700 -1 78.5757860900352 882 700
885 502 -1 215.12146715232484 885 502
885 787 -1 723.4869587733779 885 787
884 447 -1 408.556550185021 884 447
884 602 -1 820.0197938457338 884 602
887 236 -1 692.2083011789001 887 236
887 728 -1 633.9078707442999 887 728
886 578 -1 150.26901382720655 886 578
886 501 -1 332.24080596822694 886 501
889 222 -1 825.5512632776753 889 222
889 119 -1 1024.4586386411193 889 119
888 558 -1 699.046787234475 888 558
888 143 -1 958.2558146607025 888 143
891 802 -1 61.85142906353451 891 802
891 644 -1 328.7664887878244 891 644
890 150 -1 39.922964966726 890 150
890 14 -1 26.952854285943204 890 14
893 69 -1 775.54291299711 893 69
893 822 -1 893.9449494833847 893 822
892 351 -1 248.25700591644159 892 351
892 683 -1 747.9000231073917 892 683
895 236 -1 433.08584468387517 895 236
895 70 -1 454.10791131859935 895 70
894 645 -1 768.1639477556242 894 645
894 412 -1 102.93009899647234 894 412
864 285 -1 388.6462770193449 864 285
864 638 -1 751.2824322331925 864 638
865 706 -1 340.6695686479194 865 706
865 882 -1 710.286093154163 865 882
866 194 -1 527.5511585412412 866 194
866 568 -1 298.66992195756063 866 568
867 816 -1 727.2174201240736 867 816
867 483 -1 49.296797573737194 867 483
868 338 -1 318.0370648053944 868 338
868 165 -1 464.49315466507994 868 165
869 44 -1 39.72134148670705 869 44
869 516 -1 427.3731846436631 869 516
870 192 -1 445.7536198508909 870 192
870 483 -1 958.3562722863522 870 483
871 535 -1 927.3166079320135 871 535
871 603 -1 16.56203973009019 871 603
872 783 -1 450.4347655768747 872 783
872 603 -1 344.30187013075306 872 603
873 665 -1 109.72720013951323 873 665
873 656 -1 197.31558005964246 873 656
874 202 -1 503.4294497012386 874 202
874 96 -1 845.3437151745562 874 96
875 660 -1 836.3877086083953 875 660
875 819 -1 876.6446427199751 875 819
876 532 -1 928.6125527661335 876 532
876 112 -1 1001.1491883163854 876 112
877 568 -1 677.4635050732275 877 568
877 425 -1 271.4391244958791 877 425
878 888 -1 643.5998463664974 878 888
878 496 -1 391.567900966249 878 496
879 559 -1 670.6318783524553 879 559
879 476 -1 127.46010381135261 879 476
851 282 -1 650.8575257652858 851 282
851 77 -1 81.61298929704935 851 77
850 58 -1 923.0337601332197 850 58
850 302 -1 357.754493761242 850 302
849 683 -1 279.55542374079346 849 683
849 444 -1 766.2357177399566 849 444
848 798 -1 454.0296736198035 848 798
848 605 -1 365.536094839955 848 605
855 761 -1 946.1832855604698 855 761
855 720 -1 435.3825323158321 855 720
854 121 -1 88.15034858282377 854 121
854 790 -1 371.23425230897374 854 790
853 781 -1 169.47774222893463 853 781
853 378 -1 714.7320301583057 853 378
852 766 -1 348.13436454198916 852 766
852 33 -1 496.6029554013252 852 33
859 209 -1 136.98948531707845 859 209
859 645 -1 188.99881627749323 859 645
858 220 -1 772.3694728802477 858 220
858 601 -1 81.8290434175509 858 601
857 882 -1 254.3182079993984 857 882
857 548 -1 427.3421791759532 857 548
856 718 -1 567.4007651482247 856 718
856 602 -1 181.8013314062863 856 602
863 165 -1 136.91781952385168 863 165
863 95 -1 90.63863685572221 863 95
862 806 -1 670.6041952582964 862 806
862 531 -1 409.54252136894 862 531
861 130 -1 560.4069382668829 861 130
861 787 -1 58.73128204709974 861 787
860 768 -1 327.95203384083766 860 768
860 694 -1 474.5320290994804 860 694
834 448 -1 28.858695129057423 834 448
834 542 -1 347.22171590159144 834 542
835 143 -1 238.7228359491486 835 143
835 209 -1 225.62209663910392 835 209
832 481 -1 369.4600192436917 832 481
832 722 -1 791.4395768008941 832 722
833 99 -1 40.979262487367805 833 99
833 305 -1 423.79874756380207 833 305
838 331 -1 1012.3202641641219 838 331
838 259 -1 683.488625070269 838 259
839 531 -1 646.9477841959821 839 531
839 886 -1 601.3341798865123 839 886
836 894 -1 227.07304901527561 836 894
836 119 -1 245.9102196706782 836 119
837 814 -1 140.0698609634328 837 814
837 681 -1 462.9799446278479 837 681
842 513 -1 881.5954380364751 842 513
842 733 -1 402.6218797430547 842 733
843 421 -1 463.38000216396676 843 421
843 221 -1 396.3369385206461 843 221
840 141 -1 199.11815531385514 840 141
840 556 -1 804.9746023234461 840 556
841 172 -1 659.0765579215633 841 172
841 704 -1 639.5154691254681 841 704
846 134 -1 344.2031894324597 846 134
846 623 -1 492.9527268667846 846 623
847 874 -1 994.6100898952674 847 874
847 174 -1 596.5656020006996 847 174
844 274 -1 622.5574181043975 844 274
844 75 -1 561.3686413004589 844 75
845 67 -1 189.77561981691224 845 67
845 49 -1 953.116862895069 845 49
956 560 -1 1008.5293242621487 956 560
956 454 -1 900.8137800315393 956 454
957 956 -1 874.0221660129295 957 956
957 153 -1 710.7149907302053 957 153
958 355 -1 984.4746036992932 958 355
958 344 -1 896.6622995332382 958 344
959 697 -1 1018.4245960752146 959 697
959 105 -1 578.7789711574696 959 105
952 516 -1 551.9253235162172 952 516
952 816 -1 633.0246601859235 952 816
953 328 -1 503.6028873062555 953 328
953 835 -1 277.67811905931467 953 835
954 202 -1 75.17255499373618 954 202
954 51 -1 464.40963638822313 954 51
955 247 -1 336.08958566073863 955 247
955 148 -1 49.608206585955486 955 148
948 272 -1 26.78906745584152 948 272
948 785 -1 248.6067811608566 948 785
949 705 -1 369.76946452191885 949 705
949 220 -1 331.6738607658301 949 220
950 703 -1 782.2171446657163 950 703
950 241 -1 222.25149447977356 950 241
951 181 -1 917.8940914093212 951 181
951 322 -1 118.94566715418216 951 322
944 850 -1 310.6213455997298 944 850
944 528 -1 524.3298612925797 944 528
945 82 -1 353.50923547078014 945 82
945 668 -1 624.5746172662422 945 668
946 439 -1 611.8882118290686 946 439
946 430 -1 857.0135991742234 946 430
947 91 -1 67.49511503652548 947 91
947 308 -1 404.31793362964333 947 308
941 806 -1 566.6841845523945 941 806
941 192 -1 316.8698498528091 941 192
940 810 -1 350.15517743247585 940 810
940 303 -1 822.0853410663431 940 303
943 474 -1 420.6224295215818 943 474
943 265 -1 935.2136824618294 943 265
942 876 -1 464.79777082737246 942 876
942 218 -1 826.9864250232075 942 218
937 883 -1 631.349220936796 937 883
937 377 -1 486.02363546731203 937 377
936 328 -1 445.82852328659067 936 328
936 92 -1 586.5299209263515 936 92
939 14 -1 939.7901031185577 939 14
939 323 -1 253.18255697774157 939 323
938 615 -1 223.92000358754296 938 615
938 937 -1 450.38787888747913 938 937
933 594 -1 275.3638003059773 933 594
933 436 -1 993.2852967148402 933 436
932 698 -1 503.28360305821286 932 698
932 93 -1 63.25913987912031 932 93
935 63 -1 879.2520507506773 935 63
935 494 -1 248.32956007330415 935 494
934 711 -1 177.76389218550037 934 711
934 473 -1 82.13130157767228 934 473
929 236 -1 243.1250065819488 929 236
929 527 -1 276.48059319190816 929 527
928 517 -1 176.7936947682856 928 517
928 757 -1 177.06884338448685 928 757
931 463 -1 238.41353246792562 931 463
931 562 -1 712.8074306021265 931 562
930 142 -1 580.2463533717735 930 142
930 550 -1 574.5326307368267 930 550
926 668 -1 882.047843467064 926 668
926 593 -1 489.3442666993269 926 593
927 808 -1 504.1099549654555 927 808
927 181 -1 495.90985955803467 927 181
924 562 -1 578.6285800376205 924 562
924 78 -1 432.6684895202054 924 78
925 195 -1 389.91744489072653 925 195
925 148 -1 100.541233781085 925 148
922 196 -1 149.66684039676147 922 196
922 490 -1 1010.3044145482693 922 490
923 740 -1 251.47942365097606 923 740
923 674 -1 618.4557013357642 923 674
920 353 -1 181.54352893356224 920 353
920 618 -1 82.73802530574721 920 618
921 447 -1 642.1533732379322 921 447
921 257 -1 937.3223382212827 921 257
918 338 -1 477.4528541399949 918 338
918 86 -1 860.1594770758338 918 86
919 62 -1 903.8421012613265 919 62
919 131 -1 34.27855816948204 919 131
916 138 -1 375.00910972531483 916 138
916 606 -1 866.7738686183301 916 606
917 176 -1 855.168014632813 917 176
917 444 -1 326.3169091938089 917 444
914 586 -1 710.604501267212 914 586
914 152 -1 1026.5342165680308 914 152
915 425 -1 478.3706753526528 915 425
915 123 -1 677.4659169816832 915 123
912 174 -1 733.6639067756613 912 174
912 87 -1 142.27610545635923 912 87
913 468 -1 156.15043385380113 913 468
913 514 -1 405.7314526479863 913 514
911 470 -1 955.8849438401157 911 470
911 75 -1 472.40413264610606 911 75
910 122 -1 84.815682679818 910 122
910 496 -1 361.2944463797405 910 496
909 345 -1 789.2565496159683 909 345
909 681 -1 314.53436089823356 909 681
908 226 -1 776.5281623308484 908 226
908 441 -1 229.11477070366004 908 441
907 702 -1 123.15265340277585 907 702
907 464 -1 678.0525170999814 907 464
906 136 -1 813.3442663037422 906 136
906 246 -1 144.4878923311702 906 246
905 313 -1 967.3706126545607 905 313
905 829 -1 403.4141995704871 905 829
904 225 -1 506.67594361310273 904 225
904 247 -1 566.4377788331051 904 247
903 209 -1 869.8546535132489 903 209
903 428 -1 929.0185570603601 903 428
902 55 -1 383.5494054471585 902 55
902 676 -1 149.42974026323543 902 676
901 724 -1 796.5621263537068 901 724
901 653 -1 361.7636813009432 901 653
900 734 -1 778.4160050934422 900 734
900 313 -1 529.9865299150414 900 313
899 433 -1 31.56764964375793 899 433
899 611 -1 805.2300726348648 899 611
898 134 -1 211.3842490327528 898 134
898 448 -1 731.617522173132 898 448
897 898 -1 818.049235052726 897 898
897 701 -1 516.3018861893408 897 701
896 528 -1 181.87843509933987 896 528
896 421 -1 629.408959002292 896 421
993 466 -1 149.51290401176527 993 466
993 694 -1 411.2193540687383 993 694
992 545 -1 98.10414149362725 992 545
992 569 -1 966.3553808418528 992 569
995 569 -1 546.668820551963 995 569
995 957 -1 1032.8056275247318 995 957
994 684 -1 401.59527638400573 994 684
994 117 -1 238.13918375325193 994 117
997 625 -1 620.3151250852861 997 625
997 936 -1 333.6056219272631 997 936
996 539 -1 358.4549518054241 996 539
996 708 -1 901.7812006157802 996 708
999 474 -1 900.5878574632561 999 474
999 348 -1 208.39349281832426 999 348
998 122 -1 899.0314635098074 998 122
998 83 -1 531.6665539187902 998 83
986 753 -1 940.2651888187751 986 753
986 283 -1 21.30579765237951 986 283
987 68 -1 686.0636934467216 987 68
987 497 -1 1013.0811709887423 987 497
984 762 -1 506.7131002955954 984 762
984 931 -1 627.1098760479523 984 931
985 755 -1 726.381671065371 985 755
985 15 -1 844.7887935860568 985 15
990 898 -1 50.792086804905466 990 898
990 148 -1 902.5961504833498 990 148
991 986 -1 223.09835218209923 991 986
991 809 -1 113.76545647792545 991 809
988 877 -1 53.101580465816255 988 877
988 548 -1 629.9902648684061 988 548
989 172 -1 158.09232713694712 989 172
989 343 -1 661.6972568334636 989 343
978 65 -1 879.8960328843077 978 65
978 348 -1 1014.4857989512833 978 348
979 735 -1 150.41239973060885 979 735
979 496 -1 712.8108067773409 979 496
976 682 -1 770.1575688718663 976 682
976 356 -1 380.9418611591801 976 356
977 36 -1 811.9243495111664 977 36
977 18 -1 764.8110833659559 977 18
982 754 -1 70.80297157546693 982 754
982 854 -1 81.35623678440697 982 854
983 819 -1 677.1845806181187 983 819
983 426 -1 475.85939306838077 983 426
980 857 -1 664.3290837342298 980 857
980 854 -1 339.6967945798191 980 854
981 512 -1 401.69327119245474 981 512
981 949 -1 317.2442362689844 981 949
971 977 -1 840.9512917516097 971 977
971 311 -1 518.1387196232242 971 311
970 688 -1 12.90289511521462 970 688
970 953 -1 857.4604775765989 970 953
969 215 -1 604.2937679350265 969 215
969 297 -1 515.198741006584 969 297
968 127 -1 854.6082156255474 968 127
968 159 -1 161.66201415749492 968 159
975 3 -1 263.16968914759445 975 3
975 836 -1 349.39719751900077 975 836
974 367 -1 796.9584317888307 974 367
974 872 -1 995.4918900893213 974 872
973 562 -1 439.3071428922084 973 562
973 604 -1 148.14497838965724 973 604
972 908 -1 164.76033180985655 972 908
972 551 -1 502.2436837455348 972 551
963 835 -1 784.0223161172391 963 835
963 476 -1 23.971198375720974 963 476
962 898 -1 775.2767009364292 962 898
962 783 -1 664.1189872055295 962 783
961 918 -1 488.4140735774083 961 918
961 941 -1 475.88711908753464 961 941
960 944 -1 180.29653955213598 960 944
960 103 -1 752.6271985739933 960 103
967 123 -1 377.60553389924087 967 123
967 281 -1 306.6735311330641 967 281
966 434 -1 693.6248799169767 966 434
966 167 -1 860.9262924906216 966 167
965 793 -1 51.50255627654565 965 793
965 921 -1 165.10276543520308 965 921
964 316 -1 203.8474700561028 964 316
964 920 -1 709.6611710866525 964 920
0 246 -1 559.4228756749005 0 246
0 256 -1 447.97574594396804 0 256
1 302 -1 1030.8119326123456 1 302
1 602 -1 1008.4917367083575 1 602
