2 1 -1 529.8482217649453 2 1
2 0 -1 639.2837065574053 2 0
3 0 -1 518.8622434473682 3 0
3 2 -1 574.2753720317289 3 2
4 0 -1 299.92669046142953 4 0
4 3 -1 749.9999585624003 4 3
5 1 -1 899.0314635098074 5 1
5 2 -1 704.9175039322263 5 2
6 5 -1 138.06603826924186 6 5
6 2 -1 307.585106685136 6 2
7 1 -1 281.1774038314868 7 1
7 2 -1 113.76545647792545 7 2
8 4 -1 848.8031168424483 8 4
8 7 -1 776.9922276038855 8 7
9 0 -1 123.15963882049641 9 0
9 3 -1 328.9138135394436 9 3
0 1 -1 789.4643285254676 0 1
0 7 -1 185.29996728387823 0 7
1 4 -1 675.223176516289 1 4
1 3 -1 717.5740494769625 1 3
