0 502
150 502
408 502
95 502
332 502
380 502
142 502
74 502
215 502
223 502
54 502
314 502
146 502
289 502
337 502
169 502
286 502
214 502
232 502
199 502
217 502
116 502
195 502
163 502
201 502
72 502
175 502
366 502
268 502
51 502
131 502
414 502
154 502
261 502
161 502
151 502
8 502
148 502
288 502
251 502
363 502
200 502
4 502
432 502
264 502
149 502
143 502
222 502
309 502
317 502
375 502
198 502
111 502
41 502
221 502
98 502
174 502
273 502
120 502
52 502
147 502
10 502
351 502
190 502
24 502
7 502
138 502
38 501
236 501
482 501
489 501
362 501
305 501
457 501
487 501
491 501
335 501
348 501
402 501
258 501
395 501
456 501
390 501
404 501
238 501
459 501
471 501
358 501
428 501
383 501
240 501
416 501
441 501
420 501
300 501
481 501
400 501
391 501
463 501
