507 4 3 0 0 monitored at upgraded stub ASes, non-contiguous deploymentastypes.txt
LEGEND monitored at upgraded stub ASes, non-contiguous deployment ENDLEGEND\n
numpathcap: 10
123456789101112131415161718192021222324252627282930313233343536373839404142434445464748495051525354555657585960616263646566676869707172737475767778798081828384858687888990919293949596979899100101102103104105106107108109110111112113114115116117118119120121122123124125126127128129130131132133134135136137138139140141142143144145146147148149150151152153154155156157158159160161162163164165RIB GRAPH 0.0 350.184 ENDGRAPH ENDRIB
FIB GRAPH 0.0 164.67 ENDGRAPH ENDFIB

Testing for stub/transit percentage: 0.100000

Testing on Transit seed 1
numpathcap: 10
123456789101112131415161718192021222324252627282930313233343536373839404142434445464748495051525354555657585960616263646566676869707172737475767778798081828384858687888990919293949596979899100101102103104105106107108109110111112113114115116117118119120121122123124125126127128129130131132133134135136137138139140141142143144145146147148149150151152153154155156157158159160161162163164165RIB GRAPH 0.1 328.0 ENDGRAPH ENDRIB
FIB GRAPH 0.1 164.0 ENDGRAPH ENDFIB

Testing on Transit seed 2
numpathcap: 10
123456789101112131415161718192021222324252627282930313233343536373839404142434445464748495051525354555657585960616263646566676869707172737475767778798081828384858687888990919293949596979899100101102103104105106107108109110111112113114115116117118119120121122123124125126127128129130131132133134135136137138139140141142143144145146147148149150151152153154155156157158159160161162163164165RIB GRAPH 0.1 328.0 ENDGRAPH ENDRIB
FIB GRAPH 0.1 164.0 ENDGRAPH ENDFIB

Testing on Transit seed 3
numpathcap: 10
123456789101112131415161718192021222324252627282930313233343536373839404142434445464748495051525354555657585960616263646566676869707172737475767778798081828384858687888990919293949596979899100101102103104105106107108109110111112113114115116117118119120121122123124125126127128129130131132133134135136137138139140141142143144145146147148149150151152153154155156157158159160161162163164165RIB GRAPH 0.1 328.0 ENDGRAPH ENDRIB
FIB GRAPH 0.1 164.0 ENDGRAPH ENDFIB

Testing on Transit seed 4
numpathcap: 10
123456789101112131415161718192021222324252627282930313233343536373839404142434445464748495051525354555657585960616263646566676869707172737475767778798081828384858687888990919293949596979899100101102103104105106107108109110111112113114115116117118119120121122123124125126127128129130131132133134135136137138139140141142143144145146147148149150151152153154155156157158159160161162163164165RIB GRAPH 0.1 328.0 ENDGRAPH ENDRIB
FIB GRAPH 0.1 164.0 ENDGRAPH ENDFIB

Testing on Transit seed 5
numpathcap: 10
123456789101112131415161718192021222324252627282930313233343536373839404142434445464748495051525354555657585960616263646566676869707172737475767778798081828384858687888990919293949596979899100101102103104105106107108109110111112113114115116117118119120121122123124125126127128129130131132133134135136137138139140141142143144145146147148149150151152153154155156157158159160161162163164165RIB GRAPH 0.1 328.0 ENDGRAPH ENDRIB
FIB GRAPH 0.1 164.0 ENDGRAPH ENDFIB

Testing on Transit seed 6
numpathcap: 10
123456789101112131415161718192021222324252627282930313233343536373839404142434445464748495051525354555657585960616263646566676869707172737475767778798081828384858687888990919293949596979899100101102103104105106107108109110111112113114115116117118119120121122123124125126127128129130131132133134135136137138139140141142143144145146147148149150151152153154155156157158159160161162163164165RIB GRAPH 0.1 328.0 ENDGRAPH ENDRIB
FIB GRAPH 0.1 164.0 ENDGRAPH ENDFIB

Testing on Transit seed 7
numpathcap: 10
123456789101112131415161718192021222324252627282930313233343536373839404142434445464748495051525354555657585960616263646566676869707172737475767778798081828384858687888990919293949596979899100101102103104105106107108109110111112113114115116117118119120121122123124125126127128129130131132133134135136137138139140141142143144145146147148149150151152153154155156157158159160161162163164165RIB GRAPH 0.1 328.0 ENDGRAPH ENDRIB
FIB GRAPH 0.1 164.0 ENDGRAPH ENDFIB

Testing on Transit seed 8
numpathcap: 10
123456789101112131415161718192021222324252627282930313233343536373839404142434445464748495051525354555657585960616263646566676869707172737475767778798081828384858687888990919293949596979899100101102103104105106107108109110111112113114115116117118119120121122123124125126127128129130131132133134135136137138139140141142143144145146147148149150151152153154155156157158159160161162163164165RIB GRAPH 0.1 328.0 ENDGRAPH ENDRIB
FIB GRAPH 0.1 164.0 ENDGRAPH ENDFIB

Testing on Transit seed 9
numpathcap: 10
123456789101112131415161718192021222324252627282930313233343536373839404142434445464748495051525354555657585960616263646566676869707172737475767778798081828384858687888990919293949596979899100101102103104105106107108109110111112113114115116117118119120121122123124125126127128129130131132133134135136137138139140141142143144145146147148149150151152153154155156157158159160161162163164165RIB GRAPH 0.1 328.0 ENDGRAPH ENDRIB
FIB GRAPH 0.1 164.0 ENDGRAPH ENDFIB

Testing on Transit seed 10
numpathcap: 10
123456789101112131415161718192021222324252627282930313233343536373839404142434445464748495051525354555657585960616263646566676869707172737475767778798081828384858687888990919293949596979899100101102103104105106107108109110111112113114115116117118119120121122123124125126127128129130131132133134135136137138139140141142143144145146147148149150151152153154155156157158159160161162163164165RIB GRAPH 0.1 328.0 ENDGRAPH ENDRIB
FIB GRAPH 0.1 164.0 ENDGRAPH ENDFIB

Testing for stub/transit percentage: 0.200000

Testing on Transit seed 1
numpathcap: 10
123456789101112131415161718192021222324252627282930313233343536373839404142434445464748495051525354555657585960616263646566676869707172737475767778798081828384858687888990919293949596979899100101102103104105106107108109110111112113114115116117118119120121122123124125126127128129130131132133134135136137138139140141142143144145146147148149150151152153154155156157158159160161162163164165RIB GRAPH 0.2 328.0 ENDGRAPH ENDRIB
FIB GRAPH 0.2 164.0 ENDGRAPH ENDFIB

Testing on Transit seed 2
numpathcap: 10
123456789101112131415161718192021222324252627282930313233343536373839404142434445464748495051525354555657585960616263646566676869707172737475767778798081828384858687888990919293949596979899100101102103104105106107108109110111112113114115116117118119120121122123124125126127128129130131132133134135136137138139140141142143144145146147148149150151152153154155156157158159160161162163164165RIB GRAPH 0.2 328.0 ENDGRAPH ENDRIB
FIB GRAPH 0.2 164.0 ENDGRAPH ENDFIB

Testing on Transit seed 3
numpathcap: 10
123456789101112131415161718192021222324252627282930313233343536373839404142434445464748495051525354555657585960616263646566676869707172737475767778798081828384858687888990919293949596979899100101102103104105106107108109110111112113114115116117118119120121122123124125126127128129130131132133134135136137138139140141142143144145146147148149150151152153154155156157158159160161162163164165RIB GRAPH 0.2 328.0 ENDGRAPH ENDRIB
FIB GRAPH 0.2 164.0 ENDGRAPH ENDFIB

Testing on Transit seed 4
numpathcap: 10
123456789101112131415161718192021222324252627282930313233343536373839404142434445464748495051525354555657585960616263646566676869707172737475767778798081828384858687888990919293949596979899100101102103104105106107108109110111112113114115116117118119120121122123124125126127128129130131132133134135136137138139140141142143144145146147148149150151152153154155156157158159160161162163164165RIB GRAPH 0.2 328.0 ENDGRAPH ENDRIB
FIB GRAPH 0.2 164.0 ENDGRAPH ENDFIB

Testing on Transit seed 5
numpathcap: 10
123456789101112131415161718192021222324252627282930313233343536373839404142434445464748495051525354555657585960616263646566676869707172737475767778798081828384858687888990919293949596979899100101102103104105106107108109110111112113114115116117118119120121122123124125126127128129130131132133134135136137138139140141142143144145146147148149150151152153154155156157158159160161162163164165RIB GRAPH 0.2 328.0 ENDGRAPH ENDRIB
FIB GRAPH 0.2 164.0 ENDGRAPH ENDFIB

Testing on Transit seed 6
numpathcap: 10
123456789101112131415161718192021222324252627282930313233343536373839404142434445464748495051525354555657585960616263646566676869707172737475767778798081828384858687888990919293949596979899100101102103104105106107108109110111112113114115116117118119120121122123124125126127128129130131132133134135136137138139140141142143144145146147148149150151152153154155156157158159160161162163164165RIB GRAPH 0.2 328.0 ENDGRAPH ENDRIB
FIB GRAPH 0.2 164.0 ENDGRAPH ENDFIB

Testing on Transit seed 7
numpathcap: 10
123456789101112131415161718192021222324252627282930313233343536373839404142434445464748495051525354555657585960616263646566676869707172737475767778798081828384858687888990919293949596979899100101102103104105106107108109110111112113114115116117118119120121122123124125126127128129130131132133134135136137138139140141142143144145146147148149150151152153154155156157158159160161162163164165RIB GRAPH 0.2 328.0 ENDGRAPH ENDRIB
FIB GRAPH 0.2 164.0 ENDGRAPH ENDFIB

Testing on Transit seed 8
numpathcap: 10
123456789101112131415161718192021222324252627282930313233343536373839404142434445464748495051525354555657585960616263646566676869707172737475767778798081828384858687888990919293949596979899100101102103104105106107108109110111112113114115116117118119120121122123124125126127128129130131132133134135136137138139140141142143144145146147148149150151152153154155156157158159160161162163164165RIB GRAPH 0.2 328.0 ENDGRAPH ENDRIB
FIB GRAPH 0.2 164.0 ENDGRAPH ENDFIB

Testing on Transit seed 9
numpathcap: 10
123456789101112131415161718192021222324252627282930313233343536373839404142434445464748495051525354555657585960616263646566676869707172737475767778798081828384858687888990919293949596979899100101102103104105106107108109110111112113114115116117118119120121122123124125126127128129130131132133134135136137138139140141142143144145146147148149150151152153154155156157158159160161162163164165RIB GRAPH 0.2 328.0 ENDGRAPH ENDRIB
FIB GRAPH 0.2 164.0 ENDGRAPH ENDFIB

Testing on Transit seed 10
numpathcap: 10
123456789101112131415161718192021222324252627282930313233343536373839404142434445464748495051525354555657585960616263646566676869707172737475767778798081828384858687888990919293949596979899100101102103104105106107108109110111112113114115116117118119120121122123124125126127128129130131132133134135136137138139140141142143144145146147148149150151152153154155156157158159160161162163164165RIB GRAPH 0.2 328.0 ENDGRAPH ENDRIB
FIB GRAPH 0.2 164.0 ENDGRAPH ENDFIB

Testing for stub/transit percentage: 0.300000

Testing on Transit seed 1
numpathcap: 10
123456789101112131415161718192021222324252627282930313233343536373839404142434445464748495051525354555657585960616263646566676869707172737475767778798081828384858687888990919293949596979899100101102103104105106107108109110111112113114115116117118119120121122123124125126127128129130131132133134135136137138139140141142143144145146147148149150151152153154155156157158159160161162163164165RIB GRAPH 0.3 397.97958 ENDGRAPH ENDRIB
FIB GRAPH 0.3 202.0204 ENDGRAPH ENDFIB

Testing on Transit seed 2
numpathcap: 10
123456789101112131415161718192021222324252627282930313233343536373839404142434445464748495051525354555657585960616263646566676869707172737475767778798081828384858687888990919293949596979899100101102103104105106107108109110111112113114115116117118119120121122123124125126127128129130131132133134135136137138139140141142143144145146147148149150151152153154155156157158159160161162163164165RIB GRAPH 0.3 780.0204 ENDGRAPH ENDRIB
FIB GRAPH 0.3 334.63266 ENDGRAPH ENDFIB

Testing on Transit seed 3
numpathcap: 10
123456789101112131415161718192021222324252627282930313233343536373839404142434445464748495051525354555657585960616263646566676869707172737475767778798081828384858687888990919293949596979899100101102103104105106107108109110111112113114115116117118119120121122123124125126127128129130131132133134135136137138139140141142143144145146147148149150151152153154155156157158159160161162163164165RIB GRAPH 0.3 407.5306 ENDGRAPH ENDRIB
FIB GRAPH 0.3 200.0 ENDGRAPH ENDFIB

Testing on Transit seed 4
numpathcap: 10
123456789101112131415161718192021222324252627282930313233343536373839404142434445464748495051525354555657585960616263646566676869707172737475767778798081828384858687888990919293949596979899100101102103104105106107108109110111112113114115116117118119120121122123124125126127128129130131132133134135136137138139140141142143144145146147148149150151152153154155156157158159160161162163164165RIB GRAPH 0.3 389.7143 ENDGRAPH ENDRIB
FIB GRAPH 0.3 192.28572 ENDGRAPH ENDFIB

Testing on Transit seed 5
numpathcap: 10
123456789101112131415161718192021222324252627282930313233343536373839404142434445464748495051525354555657585960616263646566676869707172737475767778798081828384858687888990919293949596979899100101102103104105106107108109110111112113114115116117118119120121122123124125126127128129130131132133134135136137138139140141142143144145146147148149150151152153154155156157158159160161162163164165RIB GRAPH 0.3 1065.449 ENDGRAPH ENDRIB
FIB GRAPH 0.3 448.32654 ENDGRAPH ENDFIB

Testing on Transit seed 6
numpathcap: 10
123456789101112131415161718192021222324252627282930313233343536373839404142434445464748495051525354555657585960616263646566676869707172737475767778798081828384858687888990919293949596979899100101102103104105106107108109110111112113114115116117118119120121122123124125126127128129130131132133134135136137138139140141142143144145146147148149150151152153154155156157158159160161162163164165RIB GRAPH 0.3 595.4286 ENDGRAPH ENDRIB
FIB GRAPH 0.3 264.65308 ENDGRAPH ENDFIB

Testing on Transit seed 7
numpathcap: 10
123456789101112131415161718192021222324252627282930313233343536373839404142434445464748495051525354555657585960616263646566676869707172737475767778798081828384858687888990919293949596979899100101102103104105106107108109110111112113114115116117118119120121122123124125126127128129130131132133134135136137138139140141142143144145146147148149150151152153154155156157158159160161162163164165RIB GRAPH 0.3 503.7755 ENDGRAPH ENDRIB
FIB GRAPH 0.3 244.63266 ENDGRAPH ENDFIB

Testing on Transit seed 8
numpathcap: 10
123456789101112131415161718192021222324252627282930313233343536373839404142434445464748495051525354555657585960616263646566676869707172737475767778798081828384858687888990919293949596979899100101102103104105106107108109110111112113114115116117118119120121122123124125126127128129130131132133134135136137138139140141142143144145146147148149150151152153154155156157158159160161162163164165RIB GRAPH 0.3 346.0 ENDGRAPH ENDRIB
FIB GRAPH 0.3 168.40816 ENDGRAPH ENDFIB

Testing on Transit seed 9
numpathcap: 10
123456789101112131415161718192021222324252627282930313233343536373839404142434445464748495051525354555657585960616263646566676869707172737475767778798081828384858687888990919293949596979899100101102103104105106107108109110111112113114115116117118119120121122123124125126127128129130131132133134135136137138139140141142143144145146147148149150151152153154155156157158159160161162163164165RIB GRAPH 0.3 481.55103 ENDGRAPH ENDRIB
FIB GRAPH 0.3 229.38776 ENDGRAPH ENDFIB

Testing on Transit seed 10
numpathcap: 10
123456789101112131415161718192021222324252627282930313233343536373839404142434445464748495051525354555657585960616263646566676869707172737475767778798081828384858687888990919293949596979899100101102103104105106107108109110111112113114115116117118119120121122123124125126127128129130131132133134135136137138139140141142143144145146147148149150151152153154155156157158159160161162163164165RIB GRAPH 0.3 328.0 ENDGRAPH ENDRIB
FIB GRAPH 0.3 164.0 ENDGRAPH ENDFIB

Testing for stub/transit percentage: 0.400000

Testing on Transit seed 1
numpathcap: 10
123456789101112131415161718192021222324252627282930313233343536373839404142434445464748495051525354555657585960616263646566676869707172737475767778798081828384858687888990919293949596979899100101102103104105106107108109110111112113114115116117118119120121122123124125126127128129130131132133134135136137138139140141142143144145146147148149150151152153154155156157158159160161162163164165RIB GRAPH 0.4 1382.091 ENDGRAPH ENDRIB
FIB GRAPH 0.4 600.7727 ENDGRAPH ENDFIB

Testing on Transit seed 2
numpathcap: 10
123456789101112131415161718192021222324252627282930313233343536373839404142434445464748495051525354555657585960616263646566676869707172737475767778798081828384858687888990919293949596979899100101102103104105106107108109110111112113114115116117118119120121122123124125126127128129130131132133134135136137138139140141142143144145146147148149150151152153154155156157158159160161162163164165RIB GRAPH 0.4 1541.3636 ENDGRAPH ENDRIB
FIB GRAPH 0.4 673.86365 ENDGRAPH ENDFIB

Testing on Transit seed 3
numpathcap: 10
123456789101112131415161718192021222324252627282930313233343536373839404142434445464748495051525354555657585960616263646566676869707172737475767778798081828384858687888990919293949596979899100101102103104105106107108109110111112113114115116117118119120121122123124125126127128129130131132133134135136137138139140141142143144145146147148149150151152153154155156157158159160161162163164165RIB GRAPH 0.4 1072.0 ENDGRAPH ENDRIB
FIB GRAPH 0.4 496.04544 ENDGRAPH ENDFIB

Testing on Transit seed 4
numpathcap: 10
123456789101112131415161718192021222324252627282930313233343536373839404142434445464748495051525354555657585960616263646566676869707172737475767778798081828384858687888990919293949596979899100101102103104105106107108109110111112113114115116117118119120121122123124125126127128129130131132133134135136137138139140141142143144145146147148149150151152153154155156157158159160161162163164165RIB GRAPH 0.4 1629.0454 ENDGRAPH ENDRIB
FIB GRAPH 0.4 699.2273 ENDGRAPH ENDFIB

Testing on Transit seed 5
numpathcap: 10
123456789101112131415161718192021222324252627282930313233343536373839404142434445464748495051525354555657585960616263646566676869707172737475767778798081828384858687888990919293949596979899100101102103104105106107108109110111112113114115116117118119120121122123124125126127128129130131132133134135136137138139140141142143144145146147148149150151152153154155156157158159160161162163164165RIB GRAPH 0.4 1759.5454 ENDGRAPH ENDRIB
FIB GRAPH 0.4 758.8182 ENDGRAPH ENDFIB

Testing on Transit seed 6
numpathcap: 10
123456789101112131415161718192021222324252627282930313233343536373839404142434445464748495051525354555657585960616263646566676869707172737475767778798081828384858687888990919293949596979899100101102103104105106107108109110111112113114115116117118119120121122123124125126127128129130131132133134135136137138139140141142143144145146147148149150151152153154155156157158159160161162163164165RIB GRAPH 0.4 1401.4546 ENDGRAPH ENDRIB
FIB GRAPH 0.4 615.2273 ENDGRAPH ENDFIB

Testing on Transit seed 7
numpathcap: 10
123456789101112131415161718192021222324252627282930313233343536373839404142434445464748495051525354555657585960616263646566676869707172737475767778798081828384858687888990919293949596979899100101102103104105106107108109110111112113114115116117118119120121122123124125126127128129130131132133134135136137138139140141142143144145146147148149150151152153154155156157158159160161162163164165RIB GRAPH 0.4 1206.591 ENDGRAPH ENDRIB
FIB GRAPH 0.4 549.9091 ENDGRAPH ENDFIB

Testing on Transit seed 8
numpathcap: 10
123456789101112131415161718192021222324252627282930313233343536373839404142434445464748495051525354555657585960616263646566676869707172737475767778798081828384858687888990919293949596979899100101102103104105106107108109110111112113114115116117118119120121122123124125126127128129130131132133134135136137138139140141142143144145146147148149150151152153154155156157158159160161162163164165RIB GRAPH 0.4 1312.6818 ENDGRAPH ENDRIB
FIB GRAPH 0.4 532.0455 ENDGRAPH ENDFIB

Testing on Transit seed 9
numpathcap: 10
123456789101112131415161718192021222324252627282930313233343536373839404142434445464748495051525354555657585960616263646566676869707172737475767778798081828384858687888990919293949596979899100101102103104105106107108109110111112113114115116117118119120121122123124125126127128129130131132133134135136137138139140141142143144145146147148149150151152153154155156157158159160161162163164165RIB GRAPH 0.4 1452.1818 ENDGRAPH ENDRIB
FIB GRAPH 0.4 643.1818 ENDGRAPH ENDFIB

Testing on Transit seed 10
numpathcap: 10
123456789101112131415161718192021222324252627282930313233343536373839404142434445464748495051525354555657585960616263646566676869707172737475767778798081828384858687888990919293949596979899100101102103104105106107108109110111112113114115116117118119120121122123124125126127128129130131132133134135136137138139140141142143144145146147148149150151152153154155156157158159160161162163164165RIB GRAPH 0.4 1080.591 ENDGRAPH ENDRIB
FIB GRAPH 0.4 473.4091 ENDGRAPH ENDFIB

Testing for stub/transit percentage: 0.500000

Testing on Transit seed 1
numpathcap: 10
123456789101112131415161718192021222324252627282930313233343536373839404142434445464748495051525354555657585960616263646566676869707172737475767778798081828384858687888990919293949596979899100101102103104105106107108109110111112113114115116117118119120121122123124125126127128129130131132133134135136137138139140141142143144145146147148149150151152153154155156157158159160161162163164165RIB GRAPH 0.5 1963.5853 ENDGRAPH ENDRIB
FIB GRAPH 0.5 890.03656 ENDGRAPH ENDFIB

Testing on Transit seed 2
numpathcap: 10
123456789101112131415161718192021222324252627282930313233343536373839404142434445464748495051525354555657585960616263646566676869707172737475767778798081828384858687888990919293949596979899100101102103104105106107108109110111112113114115116117118119120121122123124125126127128129130131132133134135136137138139140141142143144145146147148149150151152153154155156157158159160161162163164165RIB GRAPH 0.5 1910.683 ENDGRAPH ENDRIB
FIB GRAPH 0.5 870.7195 ENDGRAPH ENDFIB

Testing on Transit seed 3
numpathcap: 10
123456789101112131415161718192021222324252627282930313233343536373839404142434445464748495051525354555657585960616263646566676869707172737475767778798081828384858687888990919293949596979899100101102103104105106107108109110111112113114115116117118119120121122123124125126127128129130131132133134135136137138139140141142143144145146147148149150151152153154155156157158159160161162163164165RIB GRAPH 0.5 1607.8658 ENDGRAPH ENDRIB
FIB GRAPH 0.5 755.9146 ENDGRAPH ENDFIB

Testing on Transit seed 4
numpathcap: 10
123456789101112131415161718192021222324252627282930313233343536373839404142434445464748495051525354555657585960616263646566676869707172737475767778798081828384858687888990919293949596979899100101102103104105106107108109110111112113114115116117118119120121122123124125126127128129130131132133134135136137138139140141142143144145146147148149150151152153154155156157158159160161162163164165RIB GRAPH 0.5 2130.4146 ENDGRAPH ENDRIB
FIB GRAPH 0.5 956.87805 ENDGRAPH ENDFIB

Testing on Transit seed 5
numpathcap: 10
123456789101112131415161718192021222324252627282930313233343536373839404142434445464748495051525354555657585960616263646566676869707172737475767778798081828384858687888990919293949596979899100101102103104105106107108109110111112113114115116117118119120121122123124125126127128129130131132133134135136137138139140141142143144145146147148149150151152153154155156157158159160161162163164165RIB GRAPH 0.5 2187.4878 ENDGRAPH ENDRIB
FIB GRAPH 0.5 981.13416 ENDGRAPH ENDFIB

Testing on Transit seed 6
numpathcap: 10
123456789101112131415161718192021222324252627282930313233343536373839404142434445464748495051525354555657585960616263646566676869707172737475767778798081828384858687888990919293949596979899100101102103104105106107108109110111112113114115116117118119120121122123124125126127128129130131132133134135136137138139140141142143144145146147148149150151152153154155156157158159160161162163164165RIB GRAPH 0.5 1878.8536 ENDGRAPH ENDRIB
FIB GRAPH 0.5 833.8415 ENDGRAPH ENDFIB

Testing on Transit seed 7
numpathcap: 10
123456789101112131415161718192021222324252627282930313233343536373839404142434445464748495051525354555657585960616263646566676869707172737475767778798081828384858687888990919293949596979899100101102103104105106107108109110111112113114115116117118119120121122123124125126127128129130131132133134135136137138139140141142143144145146147148149150151152153154155156157158159160161162163164165RIB GRAPH 0.5 1580.4269 ENDGRAPH ENDRIB
FIB GRAPH 0.5 725.62195 ENDGRAPH ENDFIB

Testing on Transit seed 8
numpathcap: 10
123456789101112131415161718192021222324252627282930313233343536373839404142434445464748495051525354555657585960616263646566676869707172737475767778798081828384858687888990919293949596979899100101102103104105106107108109110111112113114115116117118119120121122123124125126127128129130131132133134135136137138139140141142143144145146147148149150151152153154155156157158159160161162163164165RIB GRAPH 0.5 1763.2805 ENDGRAPH ENDRIB
FIB GRAPH 0.5 759.20734 ENDGRAPH ENDFIB

Testing on Transit seed 9
numpathcap: 10
123456789101112131415161718192021222324252627282930313233343536373839404142434445464748495051525354555657585960616263646566676869707172737475767778798081828384858687888990919293949596979899100101102103104105106107108109110111112113114115116117118119120121122123124125126127128129130131132133134135136137138139140141142143144145146147148149150151152153154155156157158159160161162163164165RIB GRAPH 0.5 1938.0122 ENDGRAPH ENDRIB
FIB GRAPH 0.5 869.40247 ENDGRAPH ENDFIB

Testing on Transit seed 10
numpathcap: 10
123456789101112131415161718192021222324252627282930313233343536373839404142434445464748495051525354555657585960616263646566676869707172737475767778798081828384858687888990919293949596979899100101102103104105106107108109110111112113114115116117118119120121122123124125126127128129130131132133134135136137138139140141142143144145146147148149150151152153154155156157158159160161162163164165RIB GRAPH 0.5 1692.7073 ENDGRAPH ENDRIB
FIB GRAPH 0.5 732.53656 ENDGRAPH ENDFIB

Testing for stub/transit percentage: 0.600000

Testing on Transit seed 1
numpathcap: 10
123456789101112131415161718192021222324252627282930313233343536373839404142434445464748495051525354555657585960616263646566676869707172737475767778798081828384858687888990919293949596979899100101102103104105106107108109110111112113114115116117118119120121122123124125126127128129130131132133134135136137138139140141142143144145146147148149150151152153154155156157158159160161162163164165RIB GRAPH 0.6 2308.4546 ENDGRAPH ENDRIB
FIB GRAPH 0.6 1064.5454 ENDGRAPH ENDFIB

Testing on Transit seed 2
numpathcap: 10
123456789101112131415161718192021222324252627282930313233343536373839404142434445464748495051525354555657585960616263646566676869707172737475767778798081828384858687888990919293949596979899100101102103104105106107108109110111112113114115116117118119120121122123124125126127128129130131132133134135136137138139140141142143144145146147148149150151152153154155156157158159160161162163164165RIB GRAPH 0.6 2352.182 ENDGRAPH ENDRIB
FIB GRAPH 0.6 1092.0 ENDGRAPH ENDFIB

Testing on Transit seed 3
numpathcap: 10
123456789101112131415161718192021222324252627282930313233343536373839404142434445464748495051525354555657585960616263646566676869707172737475767778798081828384858687888990919293949596979899100101102103104105106107108109110111112113114115116117118119120121122123124125126127128129130131132133134135136137138139140141142143144145146147148149150151152153154155156157158159160161162163164165RIB GRAPH 0.6 2301.7273 ENDGRAPH ENDRIB
FIB GRAPH 0.6 1087.0 ENDGRAPH ENDFIB

Testing on Transit seed 4
numpathcap: 10
123456789101112131415161718192021222324252627282930313233343536373839404142434445464748495051525354555657585960616263646566676869707172737475767778798081828384858687888990919293949596979899100101102103104105106107108109110111112113114115116117118119120121122123124125126127128129130131132133134135136137138139140141142143144145146147148149150151152153154155156157158159160161162163164165RIB GRAPH 0.6 2433.6365 ENDGRAPH ENDRIB
FIB GRAPH 0.6 1135.1818 ENDGRAPH ENDFIB

Testing on Transit seed 5
numpathcap: 10
123456789101112131415161718192021222324252627282930313233343536373839404142434445464748495051525354555657585960616263646566676869707172737475767778798081828384858687888990919293949596979899100101102103104105106107108109110111112113114115116117118119120121122123124125126127128129130131132133134135136137138139140141142143144145146147148149150151152153154155156157158159160161162163164165RIB GRAPH 0.6 2530.5454 ENDGRAPH ENDRIB
FIB GRAPH 0.6 1181.3636 ENDGRAPH ENDFIB

Testing on Transit seed 6
numpathcap: 10
123456789101112131415161718192021222324252627282930313233343536373839404142434445464748495051525354555657585960616263646566676869707172737475767778798081828384858687888990919293949596979899100101102103104105106107108109110111112113114115116117118119120121122123124125126127128129130131132133134135136137138139140141142143144145146147148149150151152153154155156157158159160161162163164165RIB GRAPH 0.6 2330.3635 ENDGRAPH ENDRIB
FIB GRAPH 0.6 1067.2727 ENDGRAPH ENDFIB

Testing on Transit seed 7
numpathcap: 10
123456789101112131415161718192021222324252627282930313233343536373839404142434445464748495051525354555657585960616263646566676869707172737475767778798081828384858687888990919293949596979899100101102103104105106107108109110111112113114115116117118119120121122123124125126127128129130131132133134135136137138139140141142143144145146147148149150151152153154155156157158159160161162163164165RIB GRAPH 0.6 2247.0 ENDGRAPH ENDRIB
FIB GRAPH 0.6 1052.5454 ENDGRAPH ENDFIB

Testing on Transit seed 8
numpathcap: 10
123456789101112131415161718192021222324252627282930313233343536373839404142434445464748495051525354555657585960616263646566676869707172737475767778798081828384858687888990919293949596979899100101102103104105106107108109110111112113114115116117118119120121122123124125126127128129130131132133134135136137138139140141142143144145146147148149150151152153154155156157158159160161162163164165RIB GRAPH 0.6 2126.182 ENDGRAPH ENDRIB
FIB GRAPH 0.6 972.36365 ENDGRAPH ENDFIB

Testing on Transit seed 9
numpathcap: 10
123456789101112131415161718192021222324252627282930313233343536373839404142434445464748495051525354555657585960616263646566676869707172737475767778798081828384858687888990919293949596979899100101102103104105106107108109110111112113114115116117118119120121122123124125126127128129130131132133134135136137138139140141142143144145146147148149150151152153154155156157158159160161162163164165RIB GRAPH 0.6 2293.0908 ENDGRAPH ENDRIB
FIB GRAPH 0.6 1073.6364 ENDGRAPH ENDFIB

Testing on Transit seed 10
numpathcap: 10
123456789101112131415161718192021222324252627282930313233343536373839404142434445464748495051525354555657585960616263646566676869707172737475767778798081828384858687888990919293949596979899100101102103104105106107108109110111112113114115116117118119120121122123124125126127128129130131132133134135136137138139140141142143144145146147148149150151152153154155156157158159160161162163164165RIB GRAPH 0.6 2290.3635 ENDGRAPH ENDRIB
FIB GRAPH 0.6 1077.0 ENDGRAPH ENDFIB

Testing for stub/transit percentage: 0.700000

Testing on Transit seed 1
numpathcap: 10
123456789101112131415161718192021222324252627282930313233343536373839404142434445464748495051525354555657585960616263646566676869707172737475767778798081828384858687888990919293949596979899100101102103104105106107108109110111112113114115116117118119120121122123124125126127128129130131132133134135136137138139140141142143144145146147148149150151152153154155156157158159160161162163164165RIB GRAPH 0.7 2586.1392 ENDGRAPH ENDRIB
FIB GRAPH 0.7 1219.1913 ENDGRAPH ENDFIB

Testing on Transit seed 2
numpathcap: 10
123456789101112131415161718192021222324252627282930313233343536373839404142434445464748495051525354555657585960616263646566676869707172737475767778798081828384858687888990919293949596979899100101102103104105106107108109110111112113114115116117118119120121122123124125126127128129130131132133134135136137138139140141142143144145146147148149150151152153154155156157158159160161162163164165RIB GRAPH 0.7 2662.9912 ENDGRAPH ENDRIB
FIB GRAPH 0.7 1274.287 ENDGRAPH ENDFIB

Testing on Transit seed 3
numpathcap: 10
123456789101112131415161718192021222324252627282930313233343536373839404142434445464748495051525354555657585960616263646566676869707172737475767778798081828384858687888990919293949596979899100101102103104105106107108109110111112113114115116117118119120121122123124125126127128129130131132133134135136137138139140141142143144145146147148149150151152153154155156157158159160161162163164165RIB GRAPH 0.7 2648.5913 ENDGRAPH ENDRIB
FIB GRAPH 0.7 1271.0782 ENDGRAPH ENDFIB

Testing on Transit seed 4
numpathcap: 10
123456789101112131415161718192021222324252627282930313233343536373839404142434445464748495051525354555657585960616263646566676869707172737475767778798081828384858687888990919293949596979899100101102103104105106107108109110111112113114115116117118119120121122123124125126127128129130131132133134135136137138139140141142143144145146147148149150151152153154155156157158159160161162163164165RIB GRAPH 0.7 2638.1042 ENDGRAPH ENDRIB
FIB GRAPH 0.7 1262.0 ENDGRAPH ENDFIB

Testing on Transit seed 5
numpathcap: 10
123456789101112131415161718192021222324252627282930313233343536373839404142434445464748495051525354555657585960616263646566676869707172737475767778798081828384858687888990919293949596979899100101102103104105106107108109110111112113114115116117118119120121122123124125126127128129130131132133134135136137138139140141142143144145146147148149150151152153154155156157158159160161162163164165RIB GRAPH 0.7 2720.513 ENDGRAPH ENDRIB
FIB GRAPH 0.7 1307.2347 ENDGRAPH ENDFIB

Testing on Transit seed 6
numpathcap: 10
123456789101112131415161718192021222324252627282930313233343536373839404142434445464748495051525354555657585960616263646566676869707172737475767778798081828384858687888990919293949596979899100101102103104105106107108109110111112113114115116117118119120121122123124125126127128129130131132133134135136137138139140141142143144145146147148149150151152153154155156157158159160161162163164165RIB GRAPH 0.7 2628.4783 ENDGRAPH ENDRIB
FIB GRAPH 0.7 1252.2174 ENDGRAPH ENDFIB

Testing on Transit seed 7
numpathcap: 10
123456789101112131415161718192021222324252627282930313233343536373839404142434445464748495051525354555657585960616263646566676869707172737475767778798081828384858687888990919293949596979899100101102103104105106107108109110111112113114115116117118119120121122123124125126127128129130131132133134135136137138139140141142143144145146147148149150151152153154155156157158159160161162163164165RIB GRAPH 0.7 2637.1653 ENDGRAPH ENDRIB
FIB GRAPH 0.7 1265.5217 ENDGRAPH ENDFIB

Testing on Transit seed 8
numpathcap: 10
123456789101112131415161718192021222324252627282930313233343536373839404142434445464748495051525354555657585960616263646566676869707172737475767778798081828384858687888990919293949596979899100101102103104105106107108109110111112113114115116117118119120121122123124125126127128129130131132133134135136137138139140141142143144145146147148149150151152153154155156157158159160161162163164165RIB GRAPH 0.7 2528.1477 ENDGRAPH ENDRIB
FIB GRAPH 0.7 1203.6174 ENDGRAPH ENDFIB

Testing on Transit seed 9
numpathcap: 10
123456789101112131415161718192021222324252627282930313233343536373839404142434445464748495051525354555657585960616263646566676869707172737475767778798081828384858687888990919293949596979899100101102103104105106107108109110111112113114115116117118119120121122123124125126127128129130131132133134135136137138139140141142143144145146147148149150151152153154155156157158159160161162163164165RIB GRAPH 0.7 2632.2349 ENDGRAPH ENDRIB
FIB GRAPH 0.7 1267.6348 ENDGRAPH ENDFIB

Testing on Transit seed 10
numpathcap: 10
123456789101112131415161718192021222324252627282930313233343536373839404142434445464748495051525354555657585960616263646566676869707172737475767778798081828384858687888990919293949596979899100101102103104105106107108109110111112113114115116117118119120121122123124125126127128129130131132133134135136137138139140141142143144145146147148149150151152153154155156157158159160161162163164165RIB GRAPH 0.7 2536.4434 ENDGRAPH ENDRIB
FIB GRAPH 0.7 1215.1217 ENDGRAPH ENDFIB

Testing for stub/transit percentage: 0.800000

Testing on Transit seed 1
numpathcap: 10
123456789101112131415161718192021222324252627282930313233343536373839404142434445464748495051525354555657585960616263646566676869707172737475767778798081828384858687888990919293949596979899100101102103104105106107108109110111112113114115116117118119120121122123124125126127128129130131132133134135136137138139140141142143144145146147148149150151152153154155156157158159160161162163164165RIB GRAPH 0.8 2876.2954 ENDGRAPH ENDRIB
FIB GRAPH 0.8 1399.1136 ENDGRAPH ENDFIB

Testing on Transit seed 2
numpathcap: 10
123456789101112131415161718192021222324252627282930313233343536373839404142434445464748495051525354555657585960616263646566676869707172737475767778798081828384858687888990919293949596979899100101102103104105106107108109110111112113114115116117118119120121122123124125126127128129130131132133134135136137138139140141142143144145146147148149150151152153154155156157158159160161162163164165RIB GRAPH 0.8 2857.682 ENDGRAPH ENDRIB
FIB GRAPH 0.8 1395.7046 ENDGRAPH ENDFIB

Testing on Transit seed 3
numpathcap: 10
123456789101112131415161718192021222324252627282930313233343536373839404142434445464748495051525354555657585960616263646566676869707172737475767778798081828384858687888990919293949596979899100101102103104105106107108109110111112113114115116117118119120121122123124125126127128129130131132133134135136137138139140141142143144145146147148149150151152153154155156157158159160161162163164165RIB GRAPH 0.8 2854.4092 ENDGRAPH ENDRIB
FIB GRAPH 0.8 1394.0 ENDGRAPH ENDFIB

Testing on Transit seed 4
numpathcap: 10
123456789101112131415161718192021222324252627282930313233343536373839404142434445464748495051525354555657585960616263646566676869707172737475767778798081828384858687888990919293949596979899100101102103104105106107108109110111112113114115116117118119120121122123124125126127128129130131132133134135136137138139140141142143144145146147148149150151152153154155156157158159160161162163164165RIB GRAPH 0.8 2864.2273 ENDGRAPH ENDRIB
FIB GRAPH 0.8 1401.4318 ENDGRAPH ENDFIB

Testing on Transit seed 5
numpathcap: 10
123456789101112131415161718192021222324252627282930313233343536373839404142434445464748495051525354555657585960616263646566676869707172737475767778798081828384858687888990919293949596979899100101102103104105106107108109110111112113114115116117118119120121122123124125126127128129130131132133134135136137138139140141142143144145146147148149150151152153154155156157158159160161162163164165RIB GRAPH 0.8 2860.0 ENDGRAPH ENDRIB
FIB GRAPH 0.8 1406.1364 ENDGRAPH ENDFIB

Testing on Transit seed 6
numpathcap: 10
123456789101112131415161718192021222324252627282930313233343536373839404142434445464748495051525354555657585960616263646566676869707172737475767778798081828384858687888990919293949596979899100101102103104105106107108109110111112113114115116117118119120121122123124125126127128129130131132133134135136137138139140141142143144145146147148149150151152153154155156157158159160161162163164165RIB GRAPH 0.8 2849.9092 ENDGRAPH ENDRIB
FIB GRAPH 0.8 1389.091 ENDGRAPH ENDFIB

Testing on Transit seed 7
numpathcap: 10
123456789101112131415161718192021222324252627282930313233343536373839404142434445464748495051525354555657585960616263646566676869707172737475767778798081828384858687888990919293949596979899100101102103104105106107108109110111112113114115116117118119120121122123124125126127128129130131132133134135136137138139140141142143144145146147148149150151152153154155156157158159160161162163164165RIB GRAPH 0.8 2877.3865 ENDGRAPH ENDRIB
FIB GRAPH 0.8 1413.4318 ENDGRAPH ENDFIB

Testing on Transit seed 8
numpathcap: 10
123456789101112131415161718192021222324252627282930313233343536373839404142434445464748495051525354555657585960616263646566676869707172737475767778798081828384858687888990919293949596979899100101102103104105106107108109110111112113114115116117118119120121122123124125126127128129130131132133134135136137138139140141142143144145146147148149150151152153154155156157158159160161162163164165RIB GRAPH 0.8 2778.5227 ENDGRAPH ENDRIB
FIB GRAPH 0.8 1359.091 ENDGRAPH ENDFIB

Testing on Transit seed 9
numpathcap: 10
123456789101112131415161718192021222324252627282930313233343536373839404142434445464748495051525354555657585960616263646566676869707172737475767778798081828384858687888990919293949596979899100101102103104105106107108109110111112113114115116117118119120121122123124125126127128129130131132133134135136137138139140141142143144145146147148149150151152153154155156157158159160161162163164165RIB GRAPH 0.8 2828.2273 ENDGRAPH ENDRIB
FIB GRAPH 0.8 1395.2954 ENDGRAPH ENDFIB

Testing on Transit seed 10
numpathcap: 10
123456789101112131415161718192021222324252627282930313233343536373839404142434445464748495051525354555657585960616263646566676869707172737475767778798081828384858687888990919293949596979899100101102103104105106107108109110111112113114115116117118119120121122123124125126127128129130131132133134135136137138139140141142143144145146147148149150151152153154155156157158159160161162163164165RIB GRAPH 0.8 2818.9546 ENDGRAPH ENDRIB
FIB GRAPH 0.8 1378.5227 ENDGRAPH ENDFIB

Testing for stub/transit percentage: 0.900000

Testing on Transit seed 1
numpathcap: 10
123456789101112131415161718192021222324252627282930313233343536373839404142434445464748495051525354555657585960616263646566676869707172737475767778798081828384858687888990919293949596979899100101102103104105106107108109110111112113114115116117118119120121122123124125126127128129130131132133134135136137138139140141142143144145146147148149150151152153154155156157158159160161162163164165RIB GRAPH 0.9 3055.4866 ENDGRAPH ENDRIB
FIB GRAPH 0.9 1513.8176 ENDGRAPH ENDFIB

Testing on Transit seed 2
numpathcap: 10
123456789101112131415161718192021222324252627282930313233343536373839404142434445464748495051525354555657585960616263646566676869707172737475767778798081828384858687888990919293949596979899100101102103104105106107108109110111112113114115116117118119120121122123124125126127128129130131132133134135136137138139140141142143144145146147148149150151152153154155156157158159160161162163164165RIB GRAPH 0.9 3025.0203 ENDGRAPH ENDRIB
FIB GRAPH 0.9 1501.3513 ENDGRAPH ENDFIB

Testing on Transit seed 3
numpathcap: 10
123456789101112131415161718192021222324252627282930313233343536373839404142434445464748495051525354555657585960616263646566676869707172737475767778798081828384858687888990919293949596979899100101102103104105106107108109110111112113114115116117118119120121122123124125126127128129130131132133134135136137138139140141142143144145146147148149150151152153154155156157158159160161162163164165RIB GRAPH 0.9 3032.3784 ENDGRAPH ENDRIB
FIB GRAPH 0.9 1505.9121 ENDGRAPH ENDFIB

Testing on Transit seed 4
numpathcap: 10
123456789101112131415161718192021222324252627282930313233343536373839404142434445464748495051525354555657585960616263646566676869707172737475767778798081828384858687888990919293949596979899100101102103104105106107108109110111112113114115116117118119120121122123124125126127128129130131132133134135136137138139140141142143144145146147148149150151152153154155156157158159160161162163164165RIB GRAPH 0.9 3046.6082 ENDGRAPH ENDRIB
FIB GRAPH 0.9 1512.6621 ENDGRAPH ENDFIB

Testing on Transit seed 5
numpathcap: 10
123456789101112131415161718192021222324252627282930313233343536373839404142434445464748495051525354555657585960616263646566676869707172737475767778798081828384858687888990919293949596979899100101102103104105106107108109110111112113114115116117118119120121122123124125126127128129130131132133134135136137138139140141142143144145146147148149150151152153154155156157158159160161162163164165RIB GRAPH 0.9 3052.9932 ENDGRAPH ENDRIB
FIB GRAPH 0.9 1519.1082 ENDGRAPH ENDFIB

Testing on Transit seed 6
numpathcap: 10
123456789101112131415161718192021222324252627282930313233343536373839404142434445464748495051525354555657585960616263646566676869707172737475767778798081828384858687888990919293949596979899100101102103104105106107108109110111112113114115116117118119120121122123124125126127128129130131132133134135136137138139140141142143144145146147148149150151152153154155156157158159160161162163164165RIB GRAPH 0.9 3034.081 ENDGRAPH ENDRIB
FIB GRAPH 0.9 1507.4324 ENDGRAPH ENDFIB

Testing on Transit seed 7
numpathcap: 10
123456789101112131415161718192021222324252627282930313233343536373839404142434445464748495051525354555657585960616263646566676869707172737475767778798081828384858687888990919293949596979899100101102103104105106107108109110111112113114115116117118119120121122123124125126127128129130131132133134135136137138139140141142143144145146147148149150151152153154155156157158159160161162163164165RIB GRAPH 0.9 3077.2568 ENDGRAPH ENDRIB
FIB GRAPH 0.9 1528.2297 ENDGRAPH ENDFIB

Testing on Transit seed 8
numpathcap: 10
123456789101112131415161718192021222324252627282930313233343536373839404142434445464748495051525354555657585960616263646566676869707172737475767778798081828384858687888990919293949596979899100101102103104105106107108109110111112113114115116117118119120121122123124125126127128129130131132133134135136137138139140141142143144145146147148149150151152153154155156157158159160161162163164165RIB GRAPH 0.9 2999.054 ENDGRAPH ENDRIB
FIB GRAPH 0.9 1491.3176 ENDGRAPH ENDFIB

Testing on Transit seed 9
numpathcap: 10
123456789101112131415161718192021222324252627282930313233343536373839404142434445464748495051525354555657585960616263646566676869707172737475767778798081828384858687888990919293949596979899100101102103104105106107108109110111112113114115116117118119120121122123124125126127128129130131132133134135136137138139140141142143144145146147148149150151152153154155156157158159160161162163164165RIB GRAPH 0.9 3015.9595 ENDGRAPH ENDRIB
FIB GRAPH 0.9 1503.723 ENDGRAPH ENDFIB

Testing on Transit seed 10
numpathcap: 10
123456789101112131415161718192021222324252627282930313233343536373839404142434445464748495051525354555657585960616263646566676869707172737475767778798081828384858687888990919293949596979899100101102103104105106107108109110111112113114115116117118119120121122123124125126127128129130131132133134135136137138139140141142143144145146147148149150151152153154155156157158159160161162163164165RIB GRAPH 0.9 3046.8513 ENDGRAPH ENDRIB
FIB GRAPH 0.9 1513.027 ENDGRAPH ENDFIB
numpathcap: 10
123456789101112131415161718192021222324252627282930313233343536373839404142434445464748495051525354555657585960616263646566676869707172737475767778798081828384858687888990919293949596979899100101102103104105106107108109110111112113114115116117118119120121122123124125126127128129130131132133134135136137138139140141142143144145146147148149150151152153154155156157158159160161162163164165RIB GRAPH 1.0 3280.0 ENDGRAPH ENDRIB
FIB GRAPH 1.0 1640.0 ENDGRAPH ENDFIB
