501 5 0 0 0astypes.txt


LEGEND measured from upagraded ASes, contiguous deployment ENDLEGEND
Testing for stub/transit percentage: 0.000000


Testing on Transit seed 1
numpathcap: 10
123456789101112131415161718192021222324252627282930313233343536373839404142434445464748495051525354555657585960616263646566676869707172737475767778798081828384858687888990919293949596979899100101102103104105106107108109110111112113114115116117118119120121122123124125126127128129130131132133134135136137138139140141142143144145146147148149150151152153154155156157158159160161162163164165RIB GRAPH 0.0 985114.8 ENDGRAPH ENDRIB
FIB GRAPH 0.0 408127.62 ENDGRAPH ENDFIB
totalRIbsize: 175092
totla bestpath nodes: 446669
totla bestpath tcost: 204063814
Testing for stub/transit percentage: 0.100000

Testing on Transit seed 1
numpathcap: 10
123456789101112131415161718192021222324252627282930313233343536373839404142434445464748495051525354555657585960616263646566676869707172737475767778798081828384858687888990919293949596979899100101102103104105106107108109110111112113114115116117118119120121122123124125126127128129130131132133134135136137138139140141142143144145146147148149150151152153154155156157158159160161162163164165RIB GRAPH 0.1 1089403.6 ENDGRAPH ENDRIB
FIB GRAPH 0.1 481172.5 ENDGRAPH ENDFIB
totalRIbsize: 17048
totla bestpath nodes: 45818
totla bestpath tcost: 23577452

Testing on Transit seed 2
numpathcap: 10
123456789101112131415161718192021222324252627282930313233343536373839404142434445464748495051525354555657585960616263646566676869707172737475767778798081828384858687888990919293949596979899100101102103104105106107108109110111112113114115116117118119120121122123124125126127128129130131132133134135136137138139140141142143144145146147148149150151152153154155156157158159160161162163164165RIB GRAPH 0.1 1026822.3 ENDGRAPH ENDRIB
FIB GRAPH 0.1 428328.4 ENDGRAPH ENDFIB
totalRIbsize: 17733
totla bestpath nodes: 44957
totla bestpath tcost: 20988091

Testing on Transit seed 3
numpathcap: 10
123456789101112131415161718192021222324252627282930313233343536373839404142434445464748495051525354555657585960616263646566676869707172737475767778798081828384858687888990919293949596979899100101102103104105106107108109110111112113114115116117118119120121122123124125126127128129130131132133134135136137138139140141142143144145146147148149150151152153154155156157158159160161162163164165RIB GRAPH 0.1 854623.2 ENDGRAPH ENDRIB
FIB GRAPH 0.1 380884.56 ENDGRAPH ENDFIB
totalRIbsize: 16356
totla bestpath nodes: 44616
totla bestpath tcost: 18663344

Testing for stub/transit percentage: 0.200000

Testing on Transit seed 1
numpathcap: 10
123456789101112131415161718192021222324252627282930313233343536373839404142434445464748495051525354555657585960616263646566676869707172737475767778798081828384858687888990919293949596979899100101102103104105106107108109110111112113114115116117118119120121122123124125126127128129130131132133134135136137138139140141142143144145146147148149150151152153154155156157158159160161162163164165RIB GRAPH 0.2 1077953.0 ENDGRAPH ENDRIB
FIB GRAPH 0.2 474800.0 ENDGRAPH ENDFIB
totalRIbsize: 35808
totla bestpath nodes: 96341
totla bestpath tcost: 47480002

Testing on Transit seed 2
numpathcap: 10
123456789101112131415161718192021222324252627282930313233343536373839404142434445464748495051525354555657585960616263646566676869707172737475767778798081828384858687888990919293949596979899100101102103104105106107108109110111112113114115116117118119120121122123124125126127128129130131132133134135136137138139140141142143144145146147148149150151152153154155156157158159160161162163164165RIB GRAPH 0.2 1030751.5 ENDGRAPH ENDRIB
FIB GRAPH 0.2 446166.0 ENDGRAPH ENDFIB
totalRIbsize: 35390
totla bestpath nodes: 95480
totla bestpath tcost: 44616600

Testing on Transit seed 3
numpathcap: 10
123456789101112131415161718192021222324252627282930313233343536373839404142434445464748495051525354555657585960616263646566676869707172737475767778798081828384858687888990919293949596979899100101102103104105106107108109110111112113114115116117118119120121122123124125126127128129130131132133134135136137138139140141142143144145146147148149150151152153154155156157158159160161162163164165RIB GRAPH 0.2 956844.2 ENDGRAPH ENDRIB
FIB GRAPH 0.2 432999.56 ENDGRAPH ENDFIB
totalRIbsize: 33839
totla bestpath nodes: 95506
totla bestpath tcost: 43299957

Testing for stub/transit percentage: 0.300000

Testing on Transit seed 1
numpathcap: 10
123456789101112131415161718192021222324252627282930313233343536373839404142434445464748495051525354555657585960616263646566676869707172737475767778798081828384858687888990919293949596979899100101102103104105106107108109110111112113114115116117118119120121122123124125126127128129130131132133134135136137138139140141142143144145146147148149150taking longer than: 20stopping this run
removing rib and fib entries for : 490
151152153154155156157158159160161162163164165RIB GRAPH 0.3 1019571.9 ENDGRAPH ENDRIB
FIB GRAPH 0.3 466047.25 ENDGRAPH ENDFIB
totalRIbsize: 51467
totla bestpath nodes: 148300
totla bestpath tcost: 69441038

Testing on Transit seed 2
numpathcap: 10
123456789101112131415161718192021222324252627282930313233343536373839404142434445464748495051525354555657585960616263646566676869707172737475767778798081828384858687888990919293949596979899100101102103104105106107108109110111112113114115116117118119120121122123124125126127128129130131132133134135136137taking longer than: 20stopping this run
removing rib and fib entries for : 482
138139140141142143144145146147148149150151152153154155156157158159160161162163164165RIB GRAPH 0.3 1013754.6 ENDGRAPH ENDRIB
FIB GRAPH 0.3 468631.2 ENDGRAPH ENDFIB
totalRIbsize: 51049
totla bestpath nodes: 147197
totla bestpath tcost: 69826052

Testing on Transit seed 3
numpathcap: 10
123456789101112131415161718192021222324252627282930313233343536373839404142434445464748495051525354555657585960616263646566676869707172737475767778798081828384858687888990919293949596979899100101102103104105106107108109110111112113114115116117118119120121122123124125126127128129130131132133134135136137138139140141142143144145146147148149150151152153154155156157158159160161162163164165RIB GRAPH 0.3 981357.1 ENDGRAPH ENDRIB
FIB GRAPH 0.3 446362.4 ENDGRAPH ENDFIB
totalRIbsize: 50141
totla bestpath nodes: 147563
totla bestpath tcost: 66508002

Testing for stub/transit percentage: 0.400000

Testing on Transit seed 1
numpathcap: 10
123456789101112131415161718192021222324252627282930313233343536373839404142434445464748495051525354555657585960616263646566676869707172737475767778798081828384858687888990919293949596979899100101102103104105106107108109110111112113114115116117118119120121122123124125126127128taking longer than: 20stopping this run
removing rib and fib entries for : 219
129130131132133134135136137138139140141142143144145146147148149150151152153154155156157158159160161162163164165exception for <monitor, anounced>: 6 484

Testing on Transit seed 2
numpathcap: 10
123456789101112taking longer than: 20stopping this run
removing rib and fib entries for : 300
131415161718192021222324252627282930313233343536373839404142434445464748495051525354555657585960616263646566676869707172737475767778798081828384858687888990919293949596979899100101102103104105106107108109110111112113114115116117118119120121122123124125126127128129130131132133134135136137138139140141142143144145146147148149150151152153154155156157158159160161162163164165RIB GRAPH 0.4 1025570.8 ENDGRAPH ENDRIB
FIB GRAPH 0.4 491353.88 ENDGRAPH ENDFIB
totalRIbsize: 65052
totla bestpath nodes: 214289
totla bestpath tcost: 98270773

Testing on Transit seed 3
numpathcap: 10
123456789101112131415161718192021222324252627282930313233343536373839404142434445464748495051525354555657585960616263646566676869707172737475767778798081828384858687888990919293949596979899100101102103104105106107108109110111112113114115116117118119120121122123124125126127128129130131132133134135136137138139140141142143144145146147148149150151152153154155156157158159160161162163164165RIB GRAPH 0.4 986429.2 ENDGRAPH ENDRIB
FIB GRAPH 0.4 449475.56 ENDGRAPH ENDFIB
totalRIbsize: 67022
totla bestpath nodes: 208394
totla bestpath tcost: 89895110

Testing for stub/transit percentage: 0.500000

Testing on Transit seed 1
numpathcap: 10
123456789101112131415161718192021222324252627282930313233343536373839404142434445464748495051525354555657585960616263646566676869707172737475767778798081828384858687888990919293949596979899100101102103104105106107108109110111112113114115116117118119120121122123124125126127128129130131132133134135136137138139140141142143144145146147148149150151152153154155156157158159160161162163164165RIB GRAPH 0.5 929892.44 ENDGRAPH ENDRIB
FIB GRAPH 0.5 426423.25 ENDGRAPH ENDFIB
totalRIbsize: 85808
totla bestpath nodes: 280648
totla bestpath tcost: 106179391

Testing on Transit seed 2
numpathcap: 10
123456789101112131415161718192021222324252627282930313233343536373839404142434445464748495051525354555657585960616263646566676869707172737475767778798081828384858687888990919293949596979899100101102103104105106107108109110111112113114115116117118119120121122123124125126127128129130131132133134135136137138139140141142143144145146147148149150151152153154155156157158159160161162163164165RIB GRAPH 0.5 1044443.56 ENDGRAPH ENDRIB
FIB GRAPH 0.5 478156.38 ENDGRAPH ENDFIB
totalRIbsize: 85622
totla bestpath nodes: 272629
totla bestpath tcost: 119060933

Testing on Transit seed 3
numpathcap: 10
1234567891011121314151617181920212223242526272829303132333435363738394041424344454647484950taking longer than: 20stopping this run
removing rib and fib entries for : 387
51525354555657585960616263646566676869707172737475767778798081828384858687888990919293949596979899100101102103104105106107108109110111112113114115116117118119120121122123124125126127128129130131132133134135136137138139140141142143144145146147148149150151152153154155156157158159160161162163164165RIB GRAPH 0.5 1015865.44 ENDGRAPH ENDRIB
FIB GRAPH 0.5 503129.25 ENDGRAPH ENDFIB
totalRIbsize: 79336
totla bestpath nodes: 280009
totla bestpath tcost: 125279182

Testing for stub/transit percentage: 0.600000

Testing on Transit seed 1
numpathcap: 10
123456789101112131415161718192021222324252627282930313233343536373839404142434445464748495051525354555657585960616263646566676869707172737475767778798081828384858687888990919293949596979899100101102103104105106107108109110111112113114115116117118119120121122123124125126127128129130131132133134135136137138139140141142143144145146147148149150151152153154155156157158159160161162163164165RIB GRAPH 0.6 849982.5 ENDGRAPH ENDRIB
FIB GRAPH 0.6 387984.9 ENDGRAPH ENDFIB
totalRIbsize: 102007
totla bestpath nodes: 336020
totla bestpath tcost: 116395469

Testing on Transit seed 2
numpathcap: 10
123456789101112131415161718192021222324252627282930313233343536373839404142434445464748495051525354555657585960616263646566676869707172737475767778798081828384858687888990919293949596979899100101102103104105106107108109110111112113114115116117118119120121122123124125126127128129130131132133134135136137138139140141142143144145146147148149150151152153taking longer than: 20stopping this run
removing rib and fib entries for : 492
154155156157158159160161162163164165RIB GRAPH 0.6 1008833.7 ENDGRAPH ENDRIB
FIB GRAPH 0.6 457881.8 ENDGRAPH ENDFIB
totalRIbsize: 101243
totla bestpath nodes: 344848
totla bestpath tcost: 137364541

Testing on Transit seed 3
numpathcap: 10
123456789101112131415161718192021222324252627282930313233343536373839404142434445464748495051525354555657585960616263646566676869707172737475767778798081828384858687888990919293949596979899100101102103104105106107108109110111112113114115116117118119120121122123124125126127128taking longer than: 20stopping this run
removing rib and fib entries for : 219
129130131132133134135136137138139140141142143144145146147148149150151152153154155156157158159160161162163164165exception for <monitor, anounced>: 39 483

Testing for stub/transit percentage: 0.700000

Testing on Transit seed 1
numpathcap: 10
123456789101112131415161718192021222324252627282930313233343536373839404142434445464748495051525354555657585960616263646566676869707172737475767778798081828384858687888990919293949596979899100101102103104105106107108109110111112113114115116117118119120121122123124125126127128129130131132133134135136137138139140141142143144145146147148149150151152153154155156157158159160161162163164165RIB GRAPH 0.7 850646.8 ENDGRAPH ENDRIB
FIB GRAPH 0.7 392832.6 ENDGRAPH ENDFIB
totalRIbsize: 117991
totla bestpath nodes: 401300
totla bestpath tcost: 137098573

Testing on Transit seed 2
numpathcap: 10
12345678910111213141516171819202122232425262728293031323334353637383940414243444546474849505152535455565758596061626364656667686970717273taking longer than: 20stopping this run
removing rib and fib entries for : 419
7475767778798081828384858687888990919293949596979899100101102103104105106107108109110111112113114115116117118119120121122123124125126127128129130131132133134135136137138139140141142143144145146147148149150151152153154155156157158159160161162163164165RIB GRAPH 0.7 877893.7 ENDGRAPH ENDRIB
FIB GRAPH 0.7 420114.97 ENDGRAPH ENDFIB
totalRIbsize: 109483
totla bestpath nodes: 411959
totla bestpath tcost: 146620134

Testing on Transit seed 3
numpathcap: 10
12345678910111213141516171819202122232425262728293031323334353637383940414243444546474849505152535455taking longer than: 20stopping this run
removing rib and fib entries for : 394
5657585960616263646566676869707172737475767778798081828384858687888990919293949596979899100101102103104105106107108109110111112113114115116117118119120121122123124125126127128129130131132133134135136137138139140141142143144145146147148149150151152153154155156157158159160161162163164165exception for <monitor, anounced>: 46 423

Testing for stub/transit percentage: 0.800000

Testing on Transit seed 1
numpathcap: 10
123456789101112131415161718192021222324252627282930313233343536373839404142434445464748495051525354555657585960616263646566676869707172737475767778798081828384858687888990919293949596979899100101102103104105106107108109110111112113114115116117118119120121122123124125126127128129130131132133134135136137138139140141142143144145146147148149150151152153154155156157158159160161162163164165RIB GRAPH 0.8 781687.44 ENDGRAPH ENDRIB
FIB GRAPH 0.8 335851.6 ENDGRAPH ENDFIB
totalRIbsize: 135240
totla bestpath nodes: 467719
totla bestpath tcost: 134340636

Testing on Transit seed 2
numpathcap: 10
123456789101112131415161718192021222324252627282930313233343536373839404142434445464748495051525354555657585960616263646566676869707172737475767778798081828384858687888990919293949596979899100101102103104105106107108109110111112113114115116117118119120121122123124125126127128129130131132133134135136137138taking longer than: 20stopping this run
removing rib and fib entries for : 227
139140141142143144145146147148149150151152153154155156157158159160161162163164165RIB GRAPH 0.8 829420.8 ENDGRAPH ENDRIB
FIB GRAPH 0.8 379522.9 ENDGRAPH ENDFIB
totalRIbsize: 130294
totla bestpath nodes: 467812
totla bestpath tcost: 151809163

Testing on Transit seed 3
numpathcap: 10
123456789101112131415161718192021222324252627282930313233343536373839404142434445464748495051525354555657585960616263646566676869707172737475767778798081828384858687888990919293949596979899100101102103104105106107108109110111112113114115116117118119120121122123124125126127128129130131132133134135136137138139140141142143144145146147148149150151152153154155156157158159160161162163164165RIB GRAPH 0.8 784152.8 ENDGRAPH ENDRIB
FIB GRAPH 0.8 336363.8 ENDGRAPH ENDFIB
totalRIbsize: 134619
totla bestpath nodes: 497927
totla bestpath tcost: 134545514

Testing for stub/transit percentage: 0.900000

Testing on Transit seed 1
numpathcap: 10
123456789101112131415161718192021222324252627282930313233343536373839404142434445464748495051525354555657585960616263646566676869707172737475767778798081828384858687888990919293949596979899100101102103104105106107108109110111112113114115116117118119120121122123124125126127128129130131132133134135136137138139140141142143144145146147148149150151152153154155156157158159160161162163164165RIB GRAPH 0.9 702981.75 ENDGRAPH ENDRIB
FIB GRAPH 0.9 294317.66 ENDGRAPH ENDFIB
totalRIbsize: 151385
totla bestpath nodes: 512861
totla bestpath tcost: 132148627

Testing on Transit seed 2
numpathcap: 10
123456789101112131415161718192021222324252627282930313233343536373839404142434445464748495051525354555657585960616263646566676869707172737475767778798081828384858687888990919293949596979899100101102103104105106107108109110111112113114115116117118119120121122123124125126127128129130131132133134135136137138139140141142143144145146147148149150151152153154155156157158159160161162163164165RIB GRAPH 0.9 629047.75 ENDGRAPH ENDRIB
FIB GRAPH 0.9 250340.78 ENDGRAPH ENDFIB
totalRIbsize: 151050
totla bestpath nodes: 525972
totla bestpath tcost: 112403011

Testing on Transit seed 3
numpathcap: 10
123456789101112131415161718192021222324252627282930313233343536373839404142434445464748495051525354555657585960616263646566676869707172737475767778798081828384858687888990919293949596979899100101102103104105106107108109110111112113114115116117118119120121122123124125126127128129130131132133134135136137138139140141142143144145146147148149150151152153154155156157158159160161162163164165RIB GRAPH 0.9 602633.8 ENDGRAPH ENDRIB
FIB GRAPH 0.9 241874.83 ENDGRAPH ENDFIB
totalRIbsize: 151109
totla bestpath nodes: 507949
totla bestpath tcost: 108601802

Testing for stub/transit percentage: 1.000000

Testing on Transit seed 1
numpathcap: 10
123456789101112131415161718192021222324252627282930313233343536373839404142434445464748495051525354555657585960616263646566676869707172737475767778798081828384858687888990919293949596979899100101102103104105106107108109110111112113114115116117118119120121122123124125126127128129130131132133134135136137138139140141142143144145146147148149150151152153154155156157158159160161162163164165RIB GRAPH 1.0 472490.34 ENDGRAPH ENDRIB
FIB GRAPH 1.0 175338.23 ENDGRAPH ENDFIB
totalRIbsize: 168550
totla bestpath nodes: 520191
totla bestpath tcost: 87669122

Testing on Transit seed 2
numpathcap: 10
123456789101112131415161718192021222324252627282930313233343536373839404142434445464748495051525354555657585960616263646566676869707172737475767778798081828384858687888990919293949596979899100101102103104105106107108109110111112113114115116117118119120121122123124125126127128129130131132133134135136137138139140141142143144145146147148149150151152153154155156157158159160161162163164165RIB GRAPH 1.0 472490.34 ENDGRAPH ENDRIB
FIB GRAPH 1.0 175338.23 ENDGRAPH ENDFIB
totalRIbsize: 168550
totla bestpath nodes: 520191
totla bestpath tcost: 87669122

Testing on Transit seed 3
numpathcap: 10
123456789101112131415161718192021222324252627282930313233343536373839404142434445464748495051525354555657585960616263646566676869707172737475767778798081828384858687888990919293949596979899100101102103104105106107108109110111112113114115116117118119120121122123124125126127128129130131132133134135136137138139140141142143144145146147148149150151152153154155156157158159160161162163164165RIB GRAPH 1.0 472490.34 ENDGRAPH ENDRIB
FIB GRAPH 1.0 175338.23 ENDGRAPH ENDFIB
totalRIbsize: 168550
totla bestpath nodes: 520191
totla bestpath tcost: 87669122
