505 5 2 1 1 10 contiguous deployment, monitored at gulf ASesastypes.txt
LEGEND contiguous deployment, monitored at gulf ASes ENDLEGEND\n
numpathcap: 10
123456789101112131415161718192021222324252627282930313233343536373839404142434445464748495051525354555657585960616263646566676869707172737475767778798081828384858687888990919293949596979899100101102103104105106107108109110111112113114115116117118119120121122123124125126127128129130131132133134135136137138139140141142143144145146147148149150151152153154155156157158159160161162163164165RIB GRAPH 0.0 56249.062 ENDGRAPH ENDRIB
FIB GRAPH 0.0 29522.26 ENDGRAPH ENDFIB
totalRIbsize: 175092
totla bestpath nodes: 446669
totla bestpath tcost: 232215729

Testing for stub/transit percentage: 0.100000

Testing on Transit seed 1
numpathcap: 10
123456789101112131415161718192021222324252627282930313233343536373839404142434445464748495051525354555657585960616263646566676869707172737475767778798081828384858687888990919293949596979899100101102103104105106107108109110111112113114115116117118119120121122123124125126127128129130131132133134135136137138139140141142143144145146147148149150151152153154155156157158159160161162163164165RIB GRAPH 0.1 55493.6 ENDGRAPH ENDRIB
FIB GRAPH 0.1 29089.06 ENDGRAPH ENDFIB
totalRIbsize: 157974
totla bestpath nodes: 404331
totla bestpath tcost: 209484458

Testing on Transit seed 2
numpathcap: 10
123456789101112131415161718192021222324252627282930313233343536373839404142434445464748495051525354555657585960616263646566676869707172737475767778798081828384858687888990919293949596979899100101102103104105106107108109110111112113114115116117118119120121122123124125126127128129130131132133134135136137138139140141142143144145146147148149150151152153154155156157158159160161162163164165RIB GRAPH 0.1 55903.973 ENDGRAPH ENDRIB
FIB GRAPH 0.1 29577.443 ENDGRAPH ENDFIB
totalRIbsize: 157327
totla bestpath nodes: 403345
totla bestpath tcost: 209863158

Testing on Transit seed 3
numpathcap: 10
123456789101112131415161718192021222324252627282930313233343536373839404142434445464748495051525354555657585960616263646566676869707172737475767778798081828384858687888990919293949596979899100101102103104105106107108109110111112113114115116117118119120121122123124125126127128129130131132133134135136137138139140141142143144145146147148149150151152153154155156157158159160161162163164165RIB GRAPH 0.1 56057.88 ENDGRAPH ENDRIB
FIB GRAPH 0.1 29288.275 ENDGRAPH ENDFIB
totalRIbsize: 158731
totla bestpath nodes: 403364
totla bestpath tcost: 209539592

Testing on Transit seed 4
numpathcap: 10
123456789101112131415161718192021222324252627282930313233343536373839404142434445464748495051525354555657585960616263646566676869707172737475767778798081828384858687888990919293949596979899100101102103104105106107108109110111112113114115116117118119120121122123124125126127128129130131132133134135136137138139140141142143144145146147148149150151152153154155156157158159160161162163164165RIB GRAPH 0.1 56102.707 ENDGRAPH ENDRIB
FIB GRAPH 0.1 29353.39 ENDGRAPH ENDFIB
totalRIbsize: 158592
totla bestpath nodes: 403635
totla bestpath tcost: 209309526

Testing on Transit seed 5
numpathcap: 10
123456789101112131415161718192021222324252627282930313233343536373839404142434445464748495051525354555657585960616263646566676869707172737475767778798081828384858687888990919293949596979899100101102103104105106107108109110111112113114115116117118119120121122123124125126127128129130131132133134135136137138139140141142143144145146147148149150151152153154155156157158159160161162163164165RIB GRAPH 0.1 54003.77 ENDGRAPH ENDRIB
FIB GRAPH 0.1 28963.127 ENDGRAPH ENDFIB
totalRIbsize: 156921
totla bestpath nodes: 410794
totla bestpath tcost: 214310152

Testing on Transit seed 6
numpathcap: 10
123456789101112131415161718192021222324252627282930313233343536373839404142434445464748495051525354555657585960616263646566676869707172737475767778798081828384858687888990919293949596979899100101102103104105106107108109110111112113114115116117118119120121122123124125126127128129130131132133134135136137138139140141142143144145146147148149150151152153154155156157158159160161162163164165RIB GRAPH 0.1 54391.566 ENDGRAPH ENDRIB
FIB GRAPH 0.1 29031.033 ENDGRAPH ENDFIB
totalRIbsize: 157234
totla bestpath nodes: 405885
totla bestpath tcost: 210416564

Testing on Transit seed 7
numpathcap: 10
123456789101112131415161718192021222324252627282930313233343536373839404142434445464748495051525354555657585960616263646566676869707172737475767778798081828384858687888990919293949596979899100101102103104105106107108109110111112113114115116117118119120121122123124125126127128129130131132133134135136137138139140141142143144145146147148149150151152153154155156157158159160161162163164165RIB GRAPH 0.1 56507.24 ENDGRAPH ENDRIB
FIB GRAPH 0.1 29757.55 ENDGRAPH ENDFIB
totalRIbsize: 157893
totla bestpath nodes: 403198
totla bestpath tcost: 210079384

Testing on Transit seed 8
numpathcap: 10
123456789101112131415161718192021222324252627282930313233343536373839404142434445464748495051525354555657585960616263646566676869707172737475767778798081828384858687888990919293949596979899100101102103104105106107108109110111112113114115116117118119120121122123124125126127128129130131132133134135136137138139140141142143144145146147148149150151152153154155156157158159160161162163164165RIB GRAPH 0.1 56730.332 ENDGRAPH ENDRIB
FIB GRAPH 0.1 29740.363 ENDGRAPH ENDFIB
totalRIbsize: 158527
totla bestpath nodes: 403389
totla bestpath tcost: 210551915

Testing on Transit seed 9
numpathcap: 10
123456789101112131415161718192021222324252627282930313233343536373839404142434445464748495051525354555657585960616263646566676869707172737475767778798081828384858687888990919293949596979899100101102103104105106107108109110111112113114115116117118119120121122123124125126127128129130131132133134135136137138139140141142143144145146147148149150151152153154155156157158159160161162163164165RIB GRAPH 0.1 56846.766 ENDGRAPH ENDRIB
FIB GRAPH 0.1 29813.645 ENDGRAPH ENDFIB
totalRIbsize: 158592
totla bestpath nodes: 403079
totla bestpath tcost: 209985666

Testing on Transit seed 10
numpathcap: 10
123456789101112131415161718192021222324252627282930313233343536373839404142434445464748495051525354555657585960616263646566676869707172737475767778798081828384858687888990919293949596979899100101102103104105106107108109110111112113114115116117118119120121122123124125126127128129130131132133134135136137138139140141142143144145146147148149150151152153154155156157158159160161162163164165RIB GRAPH 0.1 56636.125 ENDGRAPH ENDRIB
FIB GRAPH 0.1 29712.758 ENDGRAPH ENDFIB
totalRIbsize: 158561
totla bestpath nodes: 402955
totla bestpath tcost: 210263470

Testing for stub/transit percentage: 0.200000

Testing on Transit seed 1
numpathcap: 10
123456789101112131415161718192021222324252627282930313233343536373839404142434445464748495051525354555657585960616263646566taking longer than: 30stopping this run
removing rib and fib entries for : 407
676869707172737475767778798081828384858687888990919293949596979899100101102103104105106107108109110111112113114115116117118119120121122123124125126127128129130131132133134135136137138139140141142143144145146147148149150151152153154155156157158159160161162163164165RIB GRAPH 0.2 46992.676 ENDGRAPH ENDRIB
FIB GRAPH 0.2 27441.973 ENDGRAPH ENDFIB
totalRIbsize: 119649
totla bestpath nodes: 368805
totla bestpath tcost: 196377450

Testing on Transit seed 2
numpathcap: 10
123456789101112131415161718192021222324252627282930313233343536373839404142434445464748495051525354555657585960616263646566676869707172737475767778798081828384858687888990919293949596979899100101102103104105106107108109110111112113114115116117118119120121122123124125126127128129130131132133134135136137138139140141142143144145146147148149150151152153154155156157158159160161162163164165RIB GRAPH 0.2 53823.977 ENDGRAPH ENDRIB
FIB GRAPH 0.2 28848.713 ENDGRAPH ENDFIB
totalRIbsize: 138636
totla bestpath nodes: 367324
totla bestpath tcost: 190240681

Testing on Transit seed 3
numpathcap: 10
123456789101112131415161718192021222324252627282930313233343536373839404142434445464748495051525354555657585960616263646566676869707172737475767778798081828384858687888990919293949596979899100101102103104105106107108109110111112113114115116117118119120121122123124125126127128129130131132133134135136137138139taking longer than: 30stopping this run
removing rib and fib entries for : 483
140141142143144145146147148149150151152153154155156157158159160161162163164165RIB GRAPH 0.2 55951.645 ENDGRAPH ENDRIB
FIB GRAPH 0.2 29596.908 ENDGRAPH ENDFIB
totalRIbsize: 138175
totla bestpath nodes: 357494
totla bestpath tcost: 188009058

Testing on Transit seed 4
numpathcap: 10
123456789101112131415161718192021222324252627282930313233343536373839404142434445464748495051525354555657585960616263646566676869707172737475767778798081828384858687888990919293949596979899100101102103104105106107108109110111112113114115116117118119120121122123124125126127128129130131132133134135136137138139140141142143144145146147148149150151152153154155156157158159160161162163164165RIB GRAPH 0.2 55836.11 ENDGRAPH ENDRIB
FIB GRAPH 0.2 29526.3 ENDGRAPH ENDFIB
totalRIbsize: 140170
totla bestpath nodes: 361391
totla bestpath tcost: 187735381

Testing on Transit seed 5
numpathcap: 10
123456789101112131415161718192021222324252627282930313233343536373839404142434445464748495051525354555657585960616263646566676869707172737475767778798081828384858687888990919293949596979899100101102103104105106107108109110111112113114115116117118119120121122123124125126127128129130131132133134135136137138139140141142143144145146147148149150151152153154155156157158159160161162163164165RIB GRAPH 0.2 53683.684 ENDGRAPH ENDRIB
FIB GRAPH 0.2 28751.98 ENDGRAPH ENDFIB
totalRIbsize: 139499
totla bestpath nodes: 363656
totla bestpath tcost: 189423243

Testing on Transit seed 6
numpathcap: 10
123456789101112131415161718192021222324252627282930313233343536373839404142434445464748495051525354555657585960616263646566676869707172737475767778798081828384858687888990919293949596979899100101102103104105106107108109110111112113114115116117118119120121122123124125126127128129130131132133134135136137138139140141142143144145146147148149150151152153154155156157158159160161162163164165RIB GRAPH 0.2 54391.1 ENDGRAPH ENDRIB
FIB GRAPH 0.2 28899.107 ENDGRAPH ENDFIB
totalRIbsize: 139488
totla bestpath nodes: 358626
totla bestpath tcost: 185758159

Testing on Transit seed 7
numpathcap: 10
123456789101112131415161718192021222324252627282930313233343536373839404142434445464748495051525354555657585960616263646566676869707172737475767778798081828384858687888990919293949596979899100101102103104105106107108109110111112113114115116117118119120121122123124125126127128129130131132133134135136137138139140141142143144145146147148149150151152153154155156157158159160161162163164165RIB GRAPH 0.2 56499.77 ENDGRAPH ENDRIB
FIB GRAPH 0.2 29662.275 ENDGRAPH ENDFIB
totalRIbsize: 140100
totla bestpath nodes: 359695
totla bestpath tcost: 187360090

Testing on Transit seed 8
numpathcap: 10
123456789101112131415161718192021222324252627282930313233343536373839404142434445464748495051525354555657585960616263646566676869707172737475767778798081828384858687888990919293949596979899100101102103104105106107108109110111112113114115116117118119120121122123124125126127128129130131132133134135136137138139140141142143144145146147148149150151152153154155156157158159160161162163164165RIB GRAPH 0.2 57732.39 ENDGRAPH ENDRIB
FIB GRAPH 0.2 30432.4 ENDGRAPH ENDFIB
totalRIbsize: 140882
totla bestpath nodes: 358988
totla bestpath tcost: 188283548

Testing on Transit seed 9
numpathcap: 10
123456789101112131415161718192021222324252627282930313233343536373839404142434445464748495051525354555657585960616263646566676869707172737475767778798081828384858687888990919293949596979899100101102103104105106107108109110111112113114115116117118119120121122123124125126127128129130131132133134135136137138139140141142143144145146147148149150151152153154155156157158159160161162163164165RIB GRAPH 0.2 56336.67 ENDGRAPH ENDRIB
FIB GRAPH 0.2 29618.865 ENDGRAPH ENDFIB
totalRIbsize: 140339
totla bestpath nodes: 360078
totla bestpath tcost: 186979931

Testing on Transit seed 10
numpathcap: 10
123456789101112131415161718192021222324252627282930313233343536373839404142434445464748495051525354555657585960616263646566676869707172737475767778798081828384858687888990919293949596979899100101102103104105106107108109110111112113114115116117118119120121122123124125126127128129130131132133134135136137138139140141142143144145146147148149150151152153154155156157158159160161162163164165RIB GRAPH 0.2 56734.08 ENDGRAPH ENDRIB
FIB GRAPH 0.2 29631.117 ENDGRAPH ENDFIB
totalRIbsize: 141274
totla bestpath nodes: 358767
totla bestpath tcost: 186926157

Testing for stub/transit percentage: 0.300000

Testing on Transit seed 1
numpathcap: 10
12taking longer than: 30stopping this run
removing rib and fib entries for : 269
3456789101112131415161718192021222324252627282930313233343536373839404142434445464748495051525354555657585960616263646566676869707172737475767778798081828384858687888990919293949596979899100101102103104105106107108109110111112113114115116117118119120121122123124125126127128129130131132133134135136137138139140141142143144145146147148149150151152153154155156157158159160161162163164165RIB GRAPH 0.3 34499.95 ENDGRAPH ENDRIB
FIB GRAPH 0.3 23884.006 ENDGRAPH ENDFIB
totalRIbsize: 73043
totla bestpath nodes: 291001
totla bestpath tcost: 159645589

Testing on Transit seed 2
numpathcap: 10
123456789101112131415161718192021222324taking longer than: 30stopping this run
removing rib and fib entries for : 335
252627282930313233343536373839404142434445464748495051525354555657585960616263646566676869707172737475767778798081828384858687888990919293949596979899100101102103104105106107108109110111112113114115116117118119120121122123124125126127128129130131132133134135136137138139140141142143144145146147148149150151152153154155156157158159160161162163164165RIB GRAPH 0.3 47525.14 ENDGRAPH ENDRIB
FIB GRAPH 0.3 27269.79 ENDGRAPH ENDFIB
totalRIbsize: 104543
totla bestpath nodes: 328782
totla bestpath tcost: 174207308

Testing on Transit seed 3
numpathcap: 10
123456789101112131415161718192021222324252627282930313233343536373839404142434445464748495051525354555657585960616263646566676869707172737475767778798081828384858687888990919293949596979899100101102taking longer than: 30stopping this run
removing rib and fib entries for : 452
103104105106107108109110111112113114115116117118119120121122123124125126127128129130131132133134135136137138139140141142143144145146147148149150151152153154155156157158159160161162163164165RIB GRAPH 0.3 52217.715 ENDGRAPH ENDRIB
FIB GRAPH 0.3 27936.771 ENDGRAPH ENDFIB
totalRIbsize: 119694
totla bestpath nodes: 325721
totla bestpath tcost: 170213174

Testing on Transit seed 4
numpathcap: 10
123456789101112131415161718192021222324252627282930313233343536373839404142434445464748495051525354555657585960616263646566676869707172737475767778798081828384858687888990919293949596979899100101102103104105106107108109110111112113114115116117118119120121122123124125126127128129130131132133134135136137138139140141142143144145146147148149150151152153taking longer than: 30stopping this run
removing rib and fib entries for : 492
154155156157158159160161162163164165RIB GRAPH 0.3 53161.754 ENDGRAPH ENDRIB
FIB GRAPH 0.3 28749.086 ENDGRAPH ENDFIB
totalRIbsize: 118488
totla bestpath nodes: 321132
totla bestpath tcost: 167132209

Testing on Transit seed 5
numpathcap: 10
123456789101112131415161718192021222324252627282930313233343536373839404142434445464748495051525354555657585960616263646566676869707172737475767778798081828384858687888990919293949596979899100101102103104105106107108109110111112113114115116117118119120121122123124125126127128129130131132133134135136137138139140141142143144145146147148149150151152153154155156157158159160161162163164165RIB GRAPH 0.3 53671.09 ENDGRAPH ENDRIB
FIB GRAPH 0.3 29134.684 ENDGRAPH ENDFIB
totalRIbsize: 120469
totla bestpath nodes: 338716
totla bestpath tcost: 181453222

Testing on Transit seed 6
numpathcap: 10
123456789101112131415161718192021222324252627282930313233343536373839404142434445464748495051525354555657585960616263646566676869707172737475767778798081828384858687888990919293949596979899100101102taking longer than: 30stopping this run
removing rib and fib entries for : 452
103104105106107108109110111112113114115116117118119120121122123124125126127128129130131132133134135136137138139140141142143144145146147148149150151152153154155156157158159160161162163164165RIB GRAPH 0.3 50366.86 ENDGRAPH ENDRIB
FIB GRAPH 0.3 27399.957 ENDGRAPH ENDFIB
totalRIbsize: 117125
totla bestpath nodes: 327441
totla bestpath tcost: 168984876

Testing on Transit seed 7
numpathcap: 10
123456789101112131415161718192021222324252627282930313233343536373839404142434445464748495051525354555657585960616263646566676869707172737475767778798081828384858687888990919293949596979899100101102103104105106107108109110111112113114115116117118119120121122123124125126127128129130131132133134135136137138139140141142143144145146147148149150151152153154155156157158159160161162163164165RIB GRAPH 0.3 57228.035 ENDGRAPH ENDRIB
FIB GRAPH 0.3 30205.53 ENDGRAPH ENDFIB
totalRIbsize: 122117
totla bestpath nodes: 320529
totla bestpath tcost: 168757772

Testing on Transit seed 8
numpathcap: 10
123456789101112131415161718192021222324252627282930313233343536373839404142434445464748495051525354555657585960616263646566676869707172737475767778798081828384858687888990919293949596979899100101102103104105106107108109110111112113114115116117118119120121122123124125126127128129130131132133134135136137138139140141142143144145146147148149150151152153154155156157158159160161162163164165RIB GRAPH 0.3 56358.027 ENDGRAPH ENDRIB
FIB GRAPH 0.3 29937.951 ENDGRAPH ENDFIB
totalRIbsize: 121845
totla bestpath nodes: 326878
totla bestpath tcost: 171344653

Testing on Transit seed 9
numpathcap: 10
123456789101112131415161718192021222324252627282930313233343536373839404142434445464748495051525354555657585960616263646566676869707172737475767778798081828384858687888990919293949596979899100101102103104105106107108109110111112113114115116117118119120121122123124125126127128129130131132133134135136137138139140141142143144145146147148149150151152153154155156157158159160161162163164165RIB GRAPH 0.3 56505.863 ENDGRAPH ENDRIB
FIB GRAPH 0.3 29828.035 ENDGRAPH ENDFIB
totalRIbsize: 121585
totla bestpath nodes: 322078
totla bestpath tcost: 168073661

Testing on Transit seed 10
numpathcap: 10
123456789101112131415161718192021222324252627282930313233343536373839404142434445464748495051525354555657585960616263646566676869707172737475767778798081828384858687888990919293949596979899100101102103104105106107108109110111112113114115116117118119120121122123124125126127128129130131132133134135136137138139140141142143144145146147148149150151152153154155156157158159160161162163164165RIB GRAPH 0.3 55214.97 ENDGRAPH ENDRIB
FIB GRAPH 0.3 29178.95 ENDGRAPH ENDFIB
totalRIbsize: 123497
totla bestpath nodes: 319434
totla bestpath tcost: 166301850

Testing for stub/transit percentage: 0.400000

Testing on Transit seed 1
numpathcap: 10
123456789101112131415161718192021222324252627282930313233343536373839404142434445464748taking longer than: 30stopping this run
removing rib and fib entries for : 385
495051525354555657585960616263646566676869707172737475767778798081828384858687888990919293949596979899100101102103104105106107108109110111112113114115116117118119120121122123124125126127128129130131132133134135136137138139140141142143144145146147148149150151152153154155156157158159160161162163164165RIB GRAPH 0.4 38556.31 ENDGRAPH ENDRIB
FIB GRAPH 0.4 24963.486 ENDGRAPH ENDFIB
totalRIbsize: 62908
totla bestpath nodes: 235751
totla bestpath tcost: 133032899

Testing on Transit seed 2
numpathcap: 10
123456789101112131415161718192021222324252627282930313233343536373839404142434445464748495051525354555657585960616263646566676869707172737475767778798081828384858687888990919293949596979899100101102103104105106107108109110111112113114115116117118119120121122123124125126127128129130131132133134135136137138139140141142143144145146147148149150151152153154155156157158159160161162163164165RIB GRAPH 0.4 53932.562 ENDGRAPH ENDRIB
FIB GRAPH 0.4 29338.45 ENDGRAPH ENDFIB
totalRIbsize: 103251
totla bestpath nodes: 289136
totla bestpath tcost: 153680774

Testing on Transit seed 3
numpathcap: 10
123456789101112131415161718192021222324252627282930313233343536373839404142434445464748495051525354555657585960616263646566676869707172737475767778798081828384858687888990919293949596979899100101102103104105106107108109110111112113114115116117118119120121122123124125126127128129130131132133134135136137138139140141142143144145146147148149150151152153154155156157158159160161162163164165RIB GRAPH 0.4 54553.88 ENDGRAPH ENDRIB
FIB GRAPH 0.4 28429.904 ENDGRAPH ENDFIB
totalRIbsize: 106445
totla bestpath nodes: 276068
totla bestpath tcost: 144486868

Testing on Transit seed 4
numpathcap: 10
123456789101112131415161718192021222324252627282930313233343536373839404142434445464748495051525354555657585960616263646566676869707172737475767778798081828384858687888990919293949596979899100101102103104105106107108109110111112113114115116117118119120121122123124125126127128129130131132133134135136137138139140141142143144145146147148149150151152153154155156157158159160161162163164165RIB GRAPH 0.4 55238.06 ENDGRAPH ENDRIB
FIB GRAPH 0.4 29935.12 ENDGRAPH ENDFIB
totalRIbsize: 101900
totla bestpath nodes: 296745
totla bestpath tcost: 163240269

Testing on Transit seed 5
numpathcap: 10
123456789101112131415161718192021222324252627282930313233343536373839404142434445464748495051525354555657585960616263646566676869707172737475767778798081828384858687888990919293949596979899100101102103104105106107108109110111112113114115116117118119120121122123124125126127128129130131132133134135136137138139140141142143144145146147148149150151152153154155156157158159160161162163164165RIB GRAPH 0.4 59160.88 ENDGRAPH ENDRIB
FIB GRAPH 0.4 31451.9 ENDGRAPH ENDFIB
totalRIbsize: 101596
totla bestpath nodes: 325312
totla bestpath tcost: 188459134

Testing on Transit seed 6
numpathcap: 10
123456789101112131415161718192021222324252627282930313233343536373839404142434445464748495051525354555657585960616263646566676869707172737475767778798081828384858687888990919293949596979899100101102103104105106107108109110111112113114115116117118119120121122123124125126127128129130131132133134135136137138139140141142143144145146147148149150151152153154155156157158159160161162163164165RIB GRAPH 0.4 53843.21 ENDGRAPH ENDRIB
FIB GRAPH 0.4 28619.797 ENDGRAPH ENDFIB
totalRIbsize: 102181
totla bestpath nodes: 291300
totla bestpath tcost: 157223601

Testing on Transit seed 7
numpathcap: 10
123456789101112131415161718192021222324252627282930313233343536373839404142434445464748495051525354555657585960616263646566676869707172737475767778798081828384858687888990919293949596979899100101102103104105106107108109110111112113114115116117118119120121122123124125126127128129130131132133134135136137138139140141142143144145146147148149150151152153154155156157158159160161162163164165RIB GRAPH 0.4 58491.38 ENDGRAPH ENDRIB
FIB GRAPH 0.4 30963.713 ENDGRAPH ENDFIB
totalRIbsize: 103082
totla bestpath nodes: 274939
totla bestpath tcost: 147513987

Testing on Transit seed 8
numpathcap: 10
123456789101112131415161718192021222324252627282930313233343536373839404142434445464748495051525354555657585960616263646566676869707172737475767778798081828384858687888990919293949596979899100101102103104105106107108109110111112113114115116117118119120121122123124125126127128129130131132133134135136137138139140141142143144145146147148149150151152153154155156157158159160161162163164165RIB GRAPH 0.4 59128.734 ENDGRAPH ENDRIB
FIB GRAPH 0.4 31107.812 ENDGRAPH ENDFIB
totalRIbsize: 103378
totla bestpath nodes: 279196
totla bestpath tcost: 149445572

Testing on Transit seed 9
numpathcap: 10
12345678910111213141516171819202122232425262728293031323334353637383940414243444546474849505152535455565758596061taking longer than: 30stopping this run
removing rib and fib entries for : 401
6263646566676869707172737475767778798081828384858687888990919293949596979899100101102103104105106107108109110111112113114115116117118119120121122123124125126127128129130131132133134135136137138139140141142143144145146147148149150151152153154155156157158159160161162163164165RIB GRAPH 0.4 25239.91 ENDGRAPH ENDRIB
FIB GRAPH 0.4 14590.007 ENDGRAPH ENDFIB
totalRIbsize: 43458
totla bestpath nodes: 143443
totla bestpath tcost: 78801974

Testing on Transit seed 10
numpathcap: 10
123456789101112131415161718192021222324252627282930313233343536373839404142434445464748495051525354555657585960616263646566676869707172737475767778798081828384858687888990919293949596979899100101102103104105106107108109110111112113114115116117118119120121122123124125126127128129130131132133134135136137138139140141142143144145146147148149150151152153154155156157158159160161162163164165RIB GRAPH 0.4 54273.414 ENDGRAPH ENDRIB
FIB GRAPH 0.4 28992.576 ENDGRAPH ENDFIB
totalRIbsize: 104801
totla bestpath nodes: 279382
totla bestpath tcost: 147464063

Testing for stub/transit percentage: 0.500000

Testing on Transit seed 1
numpathcap: 10
123456789101112131415161718192021222324252627282930313233343536373839404142434445464748495051525354555657585960616263646566676869707172737475767778798081828384858687888990919293949596979899100101102103104105106107108109110111112113114115116117118119120121122123124125126127128taking longer than: 30stopping this run
removing rib and fib entries for : 219
129130131132133134135136137138139140141142143144145146147148149150151152153154155156157158159160161162163164165RIB GRAPH 0.5 51532.08 ENDGRAPH ENDRIB
FIB GRAPH 0.5 28131.602 ENDGRAPH ENDFIB
totalRIbsize: 70773
totla bestpath nodes: 217071
totla bestpath tcost: 122710222

Testing on Transit seed 2
numpathcap: 10
123456789101112131415161718192021222324252627282930313233343536373839404142434445464748495051525354555657585960616263646566676869707172737475767778798081828384858687888990919293949596979899100101102103104105106107108109110111112113114115116117118119120121122123124125taking longer than: 30stopping this run
removing rib and fib entries for : 472
126127128129130131132133134135136137138139140141142143144145146147148149150151152153154155156157158159160161162163164165RIB GRAPH 0.5 44137.164 ENDGRAPH ENDRIB
FIB GRAPH 0.5 24291.184 ENDGRAPH ENDFIB
totalRIbsize: 67718
totla bestpath nodes: 212497
totla bestpath tcost: 115808303

Testing on Transit seed 3
numpathcap: 10
123456789101112131415161718192021222324252627282930313233343536373839404142434445464748495051525354555657585960616263646566676869707172737475767778798081828384858687888990919293949596979899100101102103104105106107108109110111112113114115116117118119120121122123124125126127128129130131132133134135136137138139140141142143144145146147148149150151152153154155156157158159160161162163164165RIB GRAPH 0.5 54007.83 ENDGRAPH ENDRIB
FIB GRAPH 0.5 27833.924 ENDGRAPH ENDFIB
totalRIbsize: 88588
totla bestpath nodes: 239134
totla bestpath tcost: 126242193

Testing on Transit seed 4
numpathcap: 10
123456789101112131415161718192021222324252627282930313233343536373839404142434445464748495051525354555657585960616263646566676869707172737475767778798081828384858687888990919293949596979899100101102103104105106107108109110111112113114115116117118119120121122123124125126127128129130131132133134135136137138139140141142143144145146147148149150151152153154155156157158159160161162163164165RIB GRAPH 0.5 57220.97 ENDGRAPH ENDRIB
FIB GRAPH 0.5 30838.828 ENDGRAPH ENDFIB
totalRIbsize: 85354
totla bestpath nodes: 255997
totla bestpath tcost: 144755481

Testing on Transit seed 5
numpathcap: 10
123456789101112131415161718192021222324252627282930313233343536373839404142434445464748495051525354555657585960616263646566676869707172737475767778798081828384858687888990919293949596979899100101102103104105106107108109110111112113114115116117118119120121122123124125126127128129130131132133134135136137138139140141142143144145146147148149150151152153154155156157158159160161162163164165RIB GRAPH 0.5 62200.297 ENDGRAPH ENDRIB
FIB GRAPH 0.5 32169.625 ENDGRAPH ENDFIB
totalRIbsize: 85056
totla bestpath nodes: 284642
totla bestpath tcost: 169169316

Testing on Transit seed 6
numpathcap: 10
123456789101112131415161718192021222324252627282930313233343536373839404142434445464748495051525354555657585960616263646566676869707172737475767778798081828384858687888990919293949596979899100101102103104105106107108109110111112113114115116117118119120121122123124125126127128129130131132133134135136137138139140141142143144145146147148149150151152153154155156157158159160161162163164165RIB GRAPH 0.5 60289.387 ENDGRAPH ENDRIB
FIB GRAPH 0.5 31324.08 ENDGRAPH ENDFIB
totalRIbsize: 85206
totla bestpath nodes: 260292
totla bestpath tcost: 146238973

Testing on Transit seed 7
numpathcap: 10
123456789101112131415161718192021222324252627282930313233343536373839404142434445464748495051525354555657585960616263646566676869707172737475767778798081828384858687888990919293949596979899100101102103104105106107108109110111112113114115116117118119120121122123124125126127128129130131132133134135136137138139140141142143144145146147148149150151152153154155156157158159160161162163164165RIB GRAPH 0.5 57621.477 ENDGRAPH ENDRIB
FIB GRAPH 0.5 31078.275 ENDGRAPH ENDFIB
totalRIbsize: 86965
totla bestpath nodes: 232387
totla bestpath tcost: 124850252

Testing on Transit seed 8
numpathcap: 10
123456789101112131415161718192021222324252627282930313233343536373839404142434445464748495051525354555657585960616263646566taking longer than: 30stopping this run
removing rib and fib entries for : 407
676869707172737475767778798081828384858687888990919293949596979899100101102103104105106107108109110111112113114115116117118119120121122123124125126127128129130131132133134135136137138139140141142143144145146147148149150151152153154155156157158159160161162163164165RIB GRAPH 0.5 39880.316 ENDGRAPH ENDRIB
FIB GRAPH 0.5 23991.904 ENDGRAPH ENDFIB
totalRIbsize: 57236
totla bestpath nodes: 203363
totla bestpath tcost: 112849720

Testing on Transit seed 9
numpathcap: 10
1234567891011121314151617181920212223242526272829303132333435taking longer than: 30stopping this run
removing rib and fib entries for : 350
36373839404142434445464748495051525354555657585960616263646566676869707172737475767778798081828384858687888990919293949596979899100101102103104105106107108109110111112113114115116117118119120121122123124125126127128129130131132133134135136137138139140141142143144145146147148149150151152153154155156157158159160161162163164165RIB GRAPH 0.5 18820.72 ENDGRAPH ENDRIB
FIB GRAPH 0.5 12065.717 ENDGRAPH ENDFIB
totalRIbsize: 26785
totla bestpath nodes: 119320
totla bestpath tcost: 67873414

Testing on Transit seed 10
numpathcap: 10
123456789101112131415161718192021222324252627282930313233343536373839404142434445464748495051525354555657585960616263646566676869707172737475767778798081828384858687888990919293949596979899100101102103104105106107108109110111112113114115116117118119120121122123124125126127128129130131132133134135136137138139140141142143144145146147148149150151152153154155156157158159160161162163164165RIB GRAPH 0.5 53930.023 ENDGRAPH ENDRIB
FIB GRAPH 0.5 29048.2 ENDGRAPH ENDFIB
totalRIbsize: 86510
totla bestpath nodes: 243157
totla bestpath tcost: 128944312

Testing for stub/transit percentage: 0.600000

Testing on Transit seed 1
numpathcap: 10
123456789101112131415161718192021222324252627282930313233343536taking longer than: 30stopping this run
removing rib and fib entries for : 353
373839404142434445464748495051525354555657585960616263646566676869707172737475767778798081828384858687888990919293949596979899100101102103104105106107108109110111112113114115116117118119120121122123124125126127128129130131132133134135136137138139140141142143144145146147148149150151152153154155156157158159160161162163164165RIB GRAPH 0.6 19823.824 ENDGRAPH ENDRIB
FIB GRAPH 0.6 12485.03 ENDGRAPH ENDFIB
totalRIbsize: 22143
totla bestpath nodes: 84710
totla bestpath tcost: 45692225

Testing on Transit seed 2
numpathcap: 10
123456789101112131415161718192021222324252627282930313233343536373839404142434445464748495051525354555657585960616263646566676869707172737475767778798081828384858687888990919293949596979899100101102103104105106107108109110111112113114115116117118119120121122123124125126127128129130131132133134135136137138139140141142143144145146147148149150151152153154155156157158159160161162163164165RIB GRAPH 0.6 56522.156 ENDGRAPH ENDRIB
FIB GRAPH 0.6 29289.57 ENDGRAPH ENDFIB
totalRIbsize: 68285
totla bestpath nodes: 216791
totla bestpath tcost: 121294619

Testing on Transit seed 3
numpathcap: 10
123456789101112131415161718192021222324252627282930313233343536373839404142434445464748495051525354555657585960616263646566676869707172737475767778798081828384858687888990919293949596979899100101102103104105106107108109110111112113114115116117118119120121122123124125126127128129130131132133134135136137138139140141142143144145146147148149150151152153154155156157158159160161162163164165RIB GRAPH 0.6 60406.18 ENDGRAPH ENDRIB
FIB GRAPH 0.6 30667.635 ENDGRAPH ENDFIB
totalRIbsize: 69999
totla bestpath nodes: 196324
totla bestpath tcost: 106291110

Testing on Transit seed 4
numpathcap: 10
12345678910111213141516171819202122232425262728293031323334353637383940414243444546474849505152535455565758596061626364656667686970717273747576777879808182838485868788899091929394959697taking longer than: 30stopping this run
removing rib and fib entries for : 449
9899100101102103104105106107108109110111112113114115116117118119120121122123124125126127128129130131132133134135136137138139140141142143144145146147148149150151152153154155156157158159160161162163164165RIB GRAPH 0.6 53370.285 ENDGRAPH ENDRIB
FIB GRAPH 0.6 30276.625 ENDGRAPH ENDFIB
totalRIbsize: 60841
totla bestpath nodes: 219905
totla bestpath tcost: 127047005

Testing on Transit seed 5
numpathcap: 10
123456789101112131415161718192021222324252627282930313233343536373839404142434445464748495051525354555657585960616263646566676869707172737475767778798081828384858687888990919293949596979899100101102103104105106107108109110111112113114115116117118119120121122123124125126127128129130131132133134135136137138139140141142143144145146147148149150151152153154155156157158159160161162163164165RIB GRAPH 0.6 66791.58 ENDGRAPH ENDRIB
FIB GRAPH 0.6 33881.254 ENDGRAPH ENDFIB
totalRIbsize: 67891
totla bestpath nodes: 234004
totla bestpath tcost: 143452485

Testing on Transit seed 6
numpathcap: 10
123456789101112131415161718192021222324252627282930313233343536373839404142434445464748495051525354555657585960616263646566676869707172737475767778798081828384858687888990919293949596979899100101102103104105106107108109110111112113114115116117118119120121122123124125126127128129130131132133134135136137138139140141142143144145146147148149150151152153154155156157158159160161162163164165RIB GRAPH 0.6 61471.9 ENDGRAPH ENDRIB
FIB GRAPH 0.6 32257.445 ENDGRAPH ENDFIB
totalRIbsize: 67962
totla bestpath nodes: 208070
totla bestpath tcost: 117391948

Testing on Transit seed 7
numpathcap: 10
123456789101112131415161718192021222324252627282930313233343536373839404142434445464748495051taking longer than: 30stopping this run
removing rib and fib entries for : 389
52535455565758596061626364656667686970717273747576777879808182838485868788899091929394taking longer than: 30stopping this run
removing rib and fib entries for : 445
9596979899100101102103104105106107108109110111112113114115116117118119120121122123124125126127128129130131132133134135136137138139140141142143144145146147148149150151152153154155156157158159160161162163164165RIB GRAPH 0.6 53493.2 ENDGRAPH ENDRIB
FIB GRAPH 0.6 30405.676 ENDGRAPH ENDFIB
totalRIbsize: 64443
totla bestpath nodes: 191748
totla bestpath tcost: 105770891

Testing on Transit seed 8
numpathcap: 10
123456789101112131415161718192021222324252627282930313233343536373839404142434445464748495051525354555657585960616263646566676869707172737475767778798081828384858687888990919293949596979899100101102103104105106107108109110111112113114115116117118119120121122123124125126127128129130131132133134135136137138139140141142143144145146147148149150151152153154155156157158159160161162163164165RIB GRAPH 0.6 62916.94 ENDGRAPH ENDRIB
FIB GRAPH 0.6 32516.445 ENDGRAPH ENDFIB
totalRIbsize: 69435
totla bestpath nodes: 205267
totla bestpath tcost: 115705303

Testing on Transit seed 9
numpathcap: 10
123456789101112131415161718192021222324252627282930313233343536373839404142434445464748495051525354555657585960616263646566676869707172737475767778798081828384858687888990919293949596979899100101102103104105106107108109110111112113114115116117118119120121122123124125taking longer than: 30stopping this run
removing rib and fib entries for : 472
126127128129130131132133134135136137138139140141142143144145146147148149150151152153154155156157158159160161162163164165RIB GRAPH 0.6 49866.375 ENDGRAPH ENDRIB
FIB GRAPH 0.6 27135.72 ENDGRAPH ENDFIB
totalRIbsize: 54669
totla bestpath nodes: 191230
totla bestpath tcost: 109169383

Testing on Transit seed 10
numpathcap: 10
123456789101112131415161718192021222324252627282930313233343536373839404142434445464748495051525354555657585960616263646566676869707172737475767778798081828384858687888990919293949596979899100101102103104105106107108109110111112113114115116117118119120121122123124125126127128129130131132133134135136137138139140141142143144145146147148149150151152153154155156157158159160161162163164165RIB GRAPH 0.6 54290.086 ENDGRAPH ENDRIB
FIB GRAPH 0.6 29279.86 ENDGRAPH ENDFIB
totalRIbsize: 67851
totla bestpath nodes: 218397
totla bestpath tcost: 123557852

Testing for stub/transit percentage: 0.700000

Testing on Transit seed 1
numpathcap: 10
123456789101112131415161718192021222324252627282930313233343536373839404142434445464748495051525354555657585960616263646566676869707172737475767778798081828384858687888990919293949596979899100101102103104105106107108109110111112113114115116117118119120121122123124125126127128129130131132133134135136137138139140141142143144145146147148149150151152153154155156157158159160161162163164165RIB GRAPH 0.7 70772.62 ENDGRAPH ENDRIB
FIB GRAPH 0.7 36257.695 ENDGRAPH ENDFIB
totalRIbsize: 51296
totla bestpath nodes: 161918
totla bestpath tcost: 95425726

Testing on Transit seed 2
numpathcap: 10
123456789101112131415161718192021222324252627282930313233343536373839404142434445464748495051525354555657585960616263646566676869707172737475767778798081828384858687888990919293949596979899100101102103104105106107108109110111112113114115116117118119120121122123124125126127128129130131132133134135136137138139140141142143144145146147148149150151152153154155156157158159160161162163164165RIB GRAPH 0.7 71119.06 ENDGRAPH ENDRIB
FIB GRAPH 0.7 34777.76 ENDGRAPH ENDFIB
totalRIbsize: 51465
totla bestpath nodes: 162823
totla bestpath tcost: 96092250

Testing on Transit seed 3
numpathcap: 10
123456789101112131415161718192021222324252627282930313233343536373839404142434445464748495051525354555657585960616263taking longer than: 30stopping this run
removing rib and fib entries for : 404
646566676869707172737475767778798081828384858687888990919293949596979899100101102103104105106107108109110111112113114115116117118119120121122123124125126127128129130131132133134135136137138139140141142143144145146147148149150151152153154155156157158159160161162163164165RIB GRAPH 0.7 46063.598 ENDGRAPH ENDRIB
FIB GRAPH 0.7 26166.504 ENDGRAPH ENDFIB
totalRIbsize: 42309
totla bestpath nodes: 162939
totla bestpath tcost: 90865945

Testing on Transit seed 4
numpathcap: 10
123456789101112131415161718192021222324252627282930313233343536373839404142434445464748495051525354555657585960616263646566676869707172737475767778798081828384858687888990919293949596979899100101102103104105106107108109110111112113114115116117118119120121122123124125126127128129130131132133134135136137138139140141142143144145146147148149150151152153154155156157158159160161162163164165RIB GRAPH 0.7 68870.57 ENDGRAPH ENDRIB
FIB GRAPH 0.7 35621.86 ENDGRAPH ENDFIB
totalRIbsize: 51203
totla bestpath nodes: 170887
totla bestpath tcost: 103490021

Testing on Transit seed 5
numpathcap: 10
123456789101112131415161718192021222324252627282930313233343536373839404142434445464748495051525354555657585960616263646566676869707172737475767778798081828384858687888990919293949596979899100101102103104105106107108109110111112113114115116117118119120121122123124125126127128129130131132133134135136137138139140141142143144145146147148149150151152153154155156157158159160161162163164165RIB GRAPH 0.7 70964.14 ENDGRAPH ENDRIB
FIB GRAPH 0.7 36036.902 ENDGRAPH ENDFIB
totalRIbsize: 50690
totla bestpath nodes: 182076
totla bestpath tcost: 114656851

Testing on Transit seed 6
numpathcap: 10
123456789101112131415161718192021222324252627282930313233343536373839404142434445464748495051525354555657585960616263646566676869707172737475767778798081828384858687888990919293949596979899100101102103104105106107108109110111112113114115116117118119120121122123124125126127128129130131132133taking longer than: 30stopping this run
removing rib and fib entries for : 224
134135136137138139140141142143144145146147148149150151152153154155156157158159160161162163164165RIB GRAPH 0.7 57309.727 ENDGRAPH ENDRIB
FIB GRAPH 0.7 29989.277 ENDGRAPH ENDFIB
totalRIbsize: 43075
totla bestpath nodes: 145576
totla bestpath tcost: 85658422

Testing on Transit seed 7
numpathcap: 10
1234567891011121314151617181920212223242526272829303132333435363738394041424344454647484950515253545556575859606162taking longer than: 30stopping this run
removing rib and fib entries for : 402
63646566676869707172737475767778798081828384858687888990919293949596979899100101102103104105106107108109110111112113114115116117118119120121122123124125126127128129130131132133134135136137138139140141142143144145146147148149150151152153154155156157158159160161162163164165RIB GRAPH 0.7 58754.574 ENDGRAPH ENDRIB
FIB GRAPH 0.7 31692.516 ENDGRAPH ENDFIB
totalRIbsize: 50115
totla bestpath nodes: 152923
totla bestpath tcost: 87313276

Testing on Transit seed 8
numpathcap: 10
1234567taking longer than: 30stopping this run
removing rib and fib entries for : 291
891011121314151617taking longer than: 30stopping this run
removing rib and fib entries for : 324
18192021222324252627282930313233343536373839404142434445464748495051525354555657585960616263646566676869707172737475767778798081828384858687888990919293949596979899100101102103104105106107108109110111112113114115116117118119120121122123124125126127128129130131132133134135136137138139140141142143144145146147148149150151152153154155156157158159160161162163164165RIB GRAPH 0.7 13778.112 ENDGRAPH ENDRIB
FIB GRAPH 0.7 10772.636 ENDGRAPH ENDFIB
totalRIbsize: 12169
totla bestpath nodes: 68668
totla bestpath tcost: 37710998

Testing on Transit seed 9
numpathcap: 10
123456789101112131415161718192021222324252627282930313233343536373839404142434445464748495051525354555657585960616263646566676869707172737475767778798081828384858687888990919293949596979899100101102103104105106107108109110111112113114115116117118119120121122123124125126127128129130131132133134135136137138139140141142143144145146147148149150151152153154155156157158159160161162163164165RIB GRAPH 0.7 71554.78 ENDGRAPH ENDRIB
FIB GRAPH 0.7 36610.086 ENDGRAPH ENDFIB
totalRIbsize: 50513
totla bestpath nodes: 172946
totla bestpath tcost: 106699019

Testing on Transit seed 10
numpathcap: 10
123456789101112131415161718192021222324252627282930313233343536373839404142taking longer than: 30stopping this run
removing rib and fib entries for : 368
434445464748495051525354555657585960616263646566676869707172737475767778798081828384858687888990919293949596979899100101102103104105106107108109110111112113114115116117118119120121122123124125126127128129130131132133134135136137138139140141142143144145146147148149150151152153154155156157158159160161162163164165RIB GRAPH 0.7 29346.828 ENDGRAPH ENDRIB
FIB GRAPH 0.7 18286.814 ENDGRAPH ENDFIB
totalRIbsize: 28164
totla bestpath nodes: 120225
totla bestpath tcost: 65936593

Testing for stub/transit percentage: 0.800000

Testing on Transit seed 1
numpathcap: 10
123456789101112131415161718192021222324252627282930313233343536373839404142434445464748495051525354555657585960616263646566676869707172737475767778798081828384858687888990919293949596979899100101102103104105106107108109110111112113114115116117118119120121122123124125126127128129130131132133134135136137138139140141142143144145146147148149150151152153154155156157158159160161162163164165RIB GRAPH 0.8 78180.29 ENDGRAPH ENDRIB
FIB GRAPH 0.8 39585.97 ENDGRAPH ENDFIB
totalRIbsize: 33406
totla bestpath nodes: 122212
totla bestpath tcost: 79456812

Testing on Transit seed 2
numpathcap: 10
123456789101112131415161718192021222324252627282930313233343536373839404142434445464748495051525354555657585960616263646566676869707172737475767778798081828384858687888990919293949596979899100101102103104105106107108109110111112113114115116117118119120121122123124125126127128129130131132133134135136137138139140141142143144145146147148149150151152153154155156157158159160161162163164165RIB GRAPH 0.8 76506.79 ENDGRAPH ENDRIB
FIB GRAPH 0.8 36618.11 ENDGRAPH ENDFIB
totalRIbsize: 34434
totla bestpath nodes: 112782
totla bestpath tcost: 68165532

Testing on Transit seed 3
numpathcap: 10
123456789101112131415161718192021222324252627282930313233343536373839404142434445464748495051525354555657585960616263646566676869707172737475767778798081828384858687888990919293949596979899100101102103104105106107108109110111112113114115116117118119120121122123124125126127128129130131132133134135136137138139140141142143144145146147148149150151152153154155156157158159160161162163164165RIB GRAPH 0.8 77093.68 ENDGRAPH ENDRIB
FIB GRAPH 0.8 37526.36 ENDGRAPH ENDFIB
totalRIbsize: 34193
totla bestpath nodes: 113911
totla bestpath tcost: 69366448

Testing on Transit seed 4
numpathcap: 10
123456789101112131415161718192021222324252627282930313233343536373839404142434445464748495051525354555657585960616263646566676869707172737475767778798081828384858687888990919293949596979899100101102103104105106107108109110111112113114115116117118119120121122123124125126127128129130131132133134135136137138139140141142143144145146147148149150151152153154155156157158159160161162163164165RIB GRAPH 0.8 75951.49 ENDGRAPH ENDRIB
FIB GRAPH 0.8 37391.22 ENDGRAPH ENDFIB
totalRIbsize: 34009
totla bestpath nodes: 121172
totla bestpath tcost: 78222216

Testing on Transit seed 5
numpathcap: 10
123456789101112131415161718192021222324252627282930313233343536373839404142434445464748495051525354555657585960616263646566676869707172737475767778798081828384858687888990919293949596979899100101102103104105106107108109110111112113114115116117118119120121122123124125126127128129130131132133134135136137138139140141142143144145146147148149150151152153154155156157158159160161162163164165RIB GRAPH 0.8 74998.24 ENDGRAPH ENDRIB
FIB GRAPH 0.8 38472.62 ENDGRAPH ENDFIB
totalRIbsize: 33705
totla bestpath nodes: 124875
totla bestpath tcost: 81360242

Testing on Transit seed 6
numpathcap: 10
123456789101112131415161718192021222324taking longer than: 30stopping this run
removing rib and fib entries for : 335
252627282930313233343536373839404142434445464748495051525354555657585960616263646566676869707172737475767778798081828384858687888990919293949596979899100101102103104105106107108109110111112113114115116117118119120121122123124125126127128129130131132133134135136137138139140141142143144145146147148149150151152153154155156157158159160161162163164165RIB GRAPH 0.8 16142.85 ENDGRAPH ENDRIB
FIB GRAPH 0.8 9410.26 ENDGRAPH ENDFIB
totalRIbsize: 6875
totla bestpath nodes: 27318
totla bestpath tcost: 15713921

Testing on Transit seed 7
numpathcap: 10
123456taking longer than: 30stopping this run
removing rib and fib entries for : 282
789101112131415161718192021222324252627282930313233343536373839404142434445464748495051525354555657585960616263646566676869707172737475767778798081828384858687888990919293949596979899100101102103104105106107108109110111112113114115116117118119120121122123124125126127128129130131132133134135136137138139140141142143144145146147148149150151152153154155156157158159160161162163164165RIB GRAPH 0.8 47824.66 ENDGRAPH ENDRIB
FIB GRAPH 0.8 30095.54 ENDGRAPH ENDFIB
totalRIbsize: 23497
totla bestpath nodes: 102039
totla bestpath tcost: 61194051

Testing on Transit seed 8
numpathcap: 10
1234567891011121314151617181920212223242526272829303132333435363738394041424344454647484950515253545556575859606162636465666768697071727374757677787980818283848586878889taking longer than: 30stopping this run
removing rib and fib entries for : 437
90919293949596979899100101102103104105106107108109110111112113114115116117118119120121122123124125126127128129130131132133134135136137138139140141142143144145146147148149150151152153154155156157158159160161162163164165RIB GRAPH 0.8 52179.27 ENDGRAPH ENDRIB
FIB GRAPH 0.8 28857.13 ENDGRAPH ENDFIB
totalRIbsize: 26175
totla bestpath nodes: 113315
totla bestpath tcost: 66600996

Testing on Transit seed 9
numpathcap: 10
123456789101112131415161718192021222324252627282930313233343536373839404142434445464748495051525354555657585960616263646566676869707172737475767778798081828384858687888990919293949596979899100101102103104105106107108109110111112113114115116117118119120121122123124125126127128129130131132133134135136137138139140141142143144145146147148149150151152153154155156157158159160161162163164165RIB GRAPH 0.8 80111.24 ENDGRAPH ENDRIB
FIB GRAPH 0.8 41591.5 ENDGRAPH ENDFIB
totalRIbsize: 33435
totla bestpath nodes: 119306
totla bestpath tcost: 77360428

Testing on Transit seed 10
numpathcap: 10
123456789101112131415161718192021222324252627282930313233343536373839404142434445464748495051525354555657585960616263646566676869707172737475767778798081828384858687888990919293949596979899100101102103104105106107108109110111112113114115116117118119120121122123124125126127128129130131132133134135136137138139140141142143144145146147148149150151152153154155156157158159160161162163164165RIB GRAPH 0.8 64619.9 ENDGRAPH ENDRIB
FIB GRAPH 0.8 32305.73 ENDGRAPH ENDFIB
totalRIbsize: 34137
totla bestpath nodes: 118454
totla bestpath tcost: 70930158

Testing for stub/transit percentage: 0.900000

Testing on Transit seed 1
numpathcap: 10
123456789101112131415161718192021222324252627282930313233343536373839404142434445464748495051525354555657585960616263646566676869707172737475767778798081828384858687888990919293949596979899100101102103104105106107108109110111112113114115116117118119120121122123124125126127128129130131132133134135136137138139140141142143144145146147148149150151152153154155156157158159160161162163164165RIB GRAPH 0.9 89656.94 ENDGRAPH ENDRIB
FIB GRAPH 0.9 45019.39 ENDGRAPH ENDFIB
totalRIbsize: 17161
totla bestpath nodes: 61778
totla bestpath tcost: 41213488

Testing on Transit seed 2
numpathcap: 10
123456789101112131415161718192021222324252627282930313233343536373839404142434445464748495051525354555657585960616263646566676869707172737475767778798081828384858687888990919293949596979899100101102103104105106107108109110111112113114115116117118119120121122123124125126127128129130131132133134135136137138139140141142143144145146147148149150151152153154155156157158159160161162163164165RIB GRAPH 0.9 100865.9 ENDGRAPH ENDRIB
FIB GRAPH 0.9 50204.332 ENDGRAPH ENDFIB
totalRIbsize: 17432
totla bestpath nodes: 62956
totla bestpath tcost: 43360169

Testing on Transit seed 3
numpathcap: 10
1234567891011121314151617181920212223242526272829303132333435363738394041424344taking longer than: 30stopping this run
removing rib and fib entries for : 372
45464748495051525354555657585960616263646566676869707172737475767778798081828384858687888990919293949596979899100101102103104105106107108109110111112113114115116117118119120121122123124125126127128129130131132133134135136137138139140141142143144145146147148149150151152153154155156157158159160161162163164165RIB GRAPH 0.9 26564.725 ENDGRAPH ENDRIB
FIB GRAPH 0.9 15325.412 ENDGRAPH ENDFIB
totalRIbsize: 5729
totla bestpath nodes: 25434
totla bestpath tcost: 14761439

Testing on Transit seed 4
numpathcap: 10
123456789101112131415161718192021222324252627282930313233343536373839404142434445464748495051525354555657585960616263646566676869707172737475767778798081828384858687888990919293949596979899100101102103104105106107108109110111112113114115116117118119120121122123124125126127128129130131132133134135136137138139140141142143144145146147148149150151152153154155156157158159160161162163164165RIB GRAPH 0.9 88543.805 ENDGRAPH ENDRIB
FIB GRAPH 0.9 40441.08 ENDGRAPH ENDFIB
totalRIbsize: 17700
totla bestpath nodes: 65327
totla bestpath tcost: 43269643

Testing on Transit seed 5
numpathcap: 10
123456789101112131415161718192021222324252627282930313233343536373839404142434445464748495051525354555657585960616263646566676869707172737475767778798081828384858687888990919293949596979899100101102103104105106107108109110111112113114115116117118119120121122123124125126127128129130131132133134135136137138139140141142143144145146147148149150151152153154155156157158159160161162163164165RIB GRAPH 0.9 96888.766 ENDGRAPH ENDRIB
FIB GRAPH 0.9 46036.55 ENDGRAPH ENDFIB
totalRIbsize: 17292
totla bestpath nodes: 68691
totla bestpath tcost: 47648161

Testing on Transit seed 6
numpathcap: 10
123456789101112131415161718192021222324taking longer than: 30stopping this run
removing rib and fib entries for : 335
252627282930313233343536373839404142434445464748495051525354555657585960616263646566676869707172737475767778798081828384858687888990919293949596979899100101102103104105106107108109110111112113114115116117118119120121122123124125126127128129130131132133134135136137138139140141142143144145146147148149150151152153154155156157158159160161162163164165RIB GRAPH 0.9 26565.666 ENDGRAPH ENDRIB
FIB GRAPH 0.9 17878.04 ENDGRAPH ENDFIB
totalRIbsize: 5847
totla bestpath nodes: 29644
totla bestpath tcost: 16970656

Testing on Transit seed 7
numpathcap: 10
1234567891011121314151617181920212223242526272829303132333435363738394041424344454647484950taking longer than: 30stopping this run
removing rib and fib entries for : 387
51525354555657585960616263646566676869707172737475767778798081828384858687888990919293949596979899100101102103104105106107108109110111112113114115116117118119120121122123124125126127128129130131132133134135136137138139140141142143144145146147148149150151152153154155156157158159160161162163164165RIB GRAPH 0.9 36353.45 ENDGRAPH ENDRIB
FIB GRAPH 0.9 21762.0 ENDGRAPH ENDFIB
totalRIbsize: 8594
totla bestpath nodes: 35821
totla bestpath tcost: 21095157

Testing on Transit seed 8
numpathcap: 10
123taking longer than: 30stopping this run
removing rib and fib entries for : 276
4567891011121314151617181920212223242526272829303132333435363738394041424344taking longer than: 30stopping this run
removing rib and fib entries for : 372
45464748495051525354555657585960616263646566676869707172737475767778798081828384858687888990919293949596979899100101102103104105106107108109110111112113114115116117118119120121122123124125126127128129130131132133134135136137138139140141142143144145146147148149150151152153154155156157158159160161162163164165RIB GRAPH 0.9 27583.156 ENDGRAPH ENDRIB
FIB GRAPH 0.9 17384.0 ENDGRAPH ENDFIB
totalRIbsize: 7222
totla bestpath nodes: 32763
totla bestpath tcost: 19222692

Testing on Transit seed 9
numpathcap: 10
123456789101112131415161718192021222324252627282930313233343536373839404142434445464748495051525354555657585960616263646566676869707172737475767778798081828384858687888990919293949596979899100101102103104105106107108109110111112113114115116117118119120121122123124125126127128129130131132133134135136137138139140141142143144145146147148149150151152153154155156157158159160161162163164165RIB GRAPH 0.9 103003.16 ENDGRAPH ENDRIB
FIB GRAPH 0.9 52245.215 ENDGRAPH ENDFIB
totalRIbsize: 17000
totla bestpath nodes: 64074
totla bestpath tcost: 45101849

Testing on Transit seed 10
numpathcap: 10
123456789101112131415161718192021222324252627282930313233343536373839404142434445464748495051525354555657585960616263646566676869707172737475767778798081828384858687888990919293949596979899100101102103104105106107108109110111112113114115116117118119120121122123124125126127128129130131132133134135136137138139140141142143144145146147148149150151152153154155156157158159160161162163164165RIB GRAPH 0.9 96208.375 ENDGRAPH ENDRIB
FIB GRAPH 0.9 46221.332 ENDGRAPH ENDFIB
totalRIbsize: 16989
totla bestpath nodes: 64231
totla bestpath tcost: 43725758
numpathcap: 10
123456789101112131415161718192021222324252627282930313233343536373839404142434445464748495051525354555657585960616263646566676869707172737475767778798081828384858687888990919293949596979899100101102103104105106107108109110111112113114115116117118119120121122123124125126127128129130131132133134135136137138139140141142143144145146147148149150151152153154155156157158159160161162163164165RIB GRAPH 1.0 NaN ENDGRAPH ENDRIB
FIB GRAPH 1.0 NaN ENDGRAPH ENDFIB
totalRIbsize: 0
totla bestpath nodes: 0
totla bestpath tcost: 0
