arg1 is the astypes to generate, 501-wiser, 504 sbgp, 505 bw
arg2 is the sim to perform in the simulator
arg3 is where to monitor in the simulator, participating 0, all 1, gulf 2
arg4 is whether to use bandwidth numbers in the simulator
arg5 is what metric to use RIBMETRIC 0, FIBMETRIC 1
501 5 0 0 0astypes.txt

LEGEND participating, RIB_state ENDLEGEND

0.00
Testing on Transit seed 1
123456789101112131415161718192021222324252627282930313233343536373839404142434445464748495051525354555657585960616263646566676869707172737475767778798081828384858687888990919293949596979899100101102103104105106107108109110111112113114115116117118119120121122123124125126127128129130131132133134135136137138139140141142143144145146147148149150151152153154155156157158159160161162163164165GRAPH 0.0 1457270.5 ENDGRAPH
totalRIbsize: 175092
totla bestpath nodes: 446669
totla bestpath tcost: 204063814

Testing for stub/transit percentage: 0.100000

Testing on Transit seed 1
123456789101112131415161718192021222324252627282930313233343536373839404142434445464748495051525354555657585960616263646566676869707172737475767778798081828384858687888990919293949596979899100101102103104105106107108109110111112113114115116117118119120121122123124125126127128129130131132133134135136137138139140141142143144145146147148149150151152153154155156157158159160161162163164165GRAPH 0.1 1602532.5 ENDGRAPH
totalRIbsize: 17198
totla bestpath nodes: 49183
totla bestpath tcost: 25295514

Testing on Transit seed 2
123456789101112131415161718192021222324252627282930313233343536373839404142434445464748495051525354555657585960616263646566676869707172737475767778798081828384858687888990919293949596979899100101102103104105106107108109110111112113114115116117118119120121122123124125126127128129130131132133134135136137138139140141142143144145146147148149150151152153154155156157158159160161162163164165GRAPH 0.1 1557045.9 ENDGRAPH
totalRIbsize: 17845
totla bestpath nodes: 50836
totla bestpath tcost: 22976192

Testing on Transit seed 3
123456789101112131415161718192021222324252627282930313233343536373839404142434445464748495051525354555657585960616263646566676869707172737475767778798081828384858687888990919293949596979899100101102103104105106107108109110111112113114115116117118119120121122123124125126127128129130131132133134135136137138139140141142143144145146147148149150151152153154155156157158159160161162163164165GRAPH 0.1 1286492.5 ENDGRAPH
totalRIbsize: 16463
totla bestpath nodes: 47524
totla bestpath tcost: 18816847

Testing on Transit seed 4
123456789101112131415161718192021222324252627282930313233343536373839404142434445464748495051525354555657585960616263646566676869707172737475767778798081828384858687888990919293949596979899100101102103104105106107108109110111112113114115116117118119120121122123124125126127128129130131132133134135136137138139140141142143144145146147148149150151152153154155156157158159160161162163164165GRAPH 0.1 1414442.4 ENDGRAPH
totalRIbsize: 16651
totla bestpath nodes: 48431
totla bestpath tcost: 21087768

Testing on Transit seed 5
123456789101112131415161718192021222324252627282930313233343536373839404142434445464748495051525354555657585960616263646566676869707172737475767778798081828384858687888990taking longer than: 20secs exiting

Testing on Transit seed 6
123456789101112131415161718192021222324252627282930313233343536373839404142434445464748495051525354555657585960616263646566676869707172737475767778798081828384858687888990919293949596979899100101102103104105106107108109110111112113114115116117118119120121122123124125126127128129130131132133134135136137138139140141142143144145146147148149150151152153154155156157158159160161162163164165GRAPH 0.1 1725382.6 ENDGRAPH
totalRIbsize: 17968
totla bestpath nodes: 50976
totla bestpath tcost: 26047586

Testing on Transit seed 7
123456789101112131415161718192021222324252627282930313233343536373839404142434445464748495051525354555657585960616263646566676869707172737475767778798081828384858687888990919293949596979899100101102103104105106107108109110111112113114115116117118119120121122123124125126127128129130131132133134135136137138139140141142143144145146147148149150151152153154155156157158159160161162163164165GRAPH 0.1 1527762.0 ENDGRAPH
totalRIbsize: 17272
totla bestpath nodes: 47643
totla bestpath tcost: 22321707

Testing on Transit seed 8
123456789101112131415161718192021222324252627282930313233343536373839404142434445464748495051525354555657585960616263646566676869707172737475767778798081828384858687888990919293949596979899100101102103104105106107108109110111112113114115116117118119120121122123124125126127128129130131132133134135136137138139140141142143144145146147148149150151152153154155156157158159160161162163164165GRAPH 0.1 1516055.2 ENDGRAPH
totalRIbsize: 16641
totla bestpath nodes: 47484
totla bestpath tcost: 22584169

Testing on Transit seed 9
123456789101112131415161718192021222324252627282930313233343536373839404142434445464748495051525354555657585960616263646566676869707172737475767778798081828384858687888990919293949596979899100101102103104105106107108109110111112113114115116117118119120121122123124125126127128129130131132133134135136137138139140141142143144145146147148149150151152153154155156157158159160161162163164165GRAPH 0.1 1446995.9 ENDGRAPH
totalRIbsize: 16428
totla bestpath nodes: 46813
totla bestpath tcost: 22387091

Testing on Transit seed 10
123456789101112131415161718192021222324252627282930313233343536373839404142434445464748495051525354555657585960616263646566676869707172737475767778798081828384858687888990919293949596979899100101102103104105106107108109110111112113114115116117118119120121122123124125126127128129130131132133134135136137138139140141142143144145146147148149150151152153154155156157158159160161162163164165GRAPH 0.1 1319085.8 ENDGRAPH
totalRIbsize: 16615
totla bestpath nodes: 48152
totla bestpath tcost: 20356979

Testing for stub/transit percentage: 0.200000

Testing on Transit seed 1
123456789101112131415161718192021222324252627282930313233343536373839404142434445464748495051525354555657585960616263646566676869707172737475767778798081828384858687888990919293949596979899100101102103104105106107108109110111112113114115116117118119120121122123124125126127128129130131132133134135136137138139140141142143144145146147148149150151152153154155156157158159160161162163164165GRAPH 0.2 1636814.1 ENDGRAPH
totalRIbsize: 36187
totla bestpath nodes: 107619
totla bestpath tcost: 48133937

Testing on Transit seed 2
123456789101112131415161718192021222324252627282930313233343536373839404142434445464748495051525354555657585960616263646566676869707172737475767778798081828384858687888990919293949596979899100101102103104105106107108109110111112113114115116117118119120121122123124125126127128129130131132133134135136137138139140141142143144145146147148149150151152153154155156157158159160161162163164165GRAPH 0.2 1589873.1 ENDGRAPH
totalRIbsize: 35901
totla bestpath nodes: 109344
totla bestpath tcost: 47052195

Testing on Transit seed 3
123456789101112131415161718192021222324252627282930313233343536373839404142434445464748495051525354555657585960616263646566676869707172737475767778798081828384858687888990919293949596979899100101102103104105106107108109110111112113114115116117118119120121122123124125126127128129130131132133134135136137138139140141142143144145146147148149150151152153154155156157158159160161162163164165GRAPH 0.2 1476442.0 ENDGRAPH
totalRIbsize: 34201
totla bestpath nodes: 104326
totla bestpath tcost: 44056421

Testing on Transit seed 4
123456789101112131415161718192021222324252627282930313233343536373839404142434445464748495051525354555657585960616263646566676869707172737475767778798081828384858687888990919293949596979899100101102103104105106107108109110111112113114115116117118119120121122123124125126127128129130131132133134135136137138139140141142143144145146147148149150151152153154155156157158159160161162163164165GRAPH 0.2 1447769.8 ENDGRAPH
totalRIbsize: 34833
totla bestpath nodes: 104120
totla bestpath tcost: 43504866

Testing on Transit seed 5
123456789101112131415161718192021222324252627282930313233343536373839404142434445464748495051525354555657585960616263646566676869707172737475767778798081828384858687888990919293949596979899100101102103104105106107108109110111112113114115116117118119120121122123124125126127128129130131132133134135136137138139140141142143144145146147148149150151152153154155156157158159160161162163164165GRAPH 0.2 1455540.8 ENDGRAPH
totalRIbsize: 35182
totla bestpath nodes: 107854
totla bestpath tcost: 42384337

Testing on Transit seed 6
1234taking longer than: 20secs exiting

Testing on Transit seed 7
123456789101112131415161718192021222324252627282930313233343536373839404142434445464748495051525354555657585960616263646566676869707172737475767778798081828384858687888990919293949596979899100101102103104105106107108109110111112113114115116117118119120121122123124125126127128129130131132133134135136137138139140141142143144145146147148149150151152153154155156157158159160161162163164165GRAPH 0.2 1419641.1 ENDGRAPH
totalRIbsize: 34756
totla bestpath nodes: 100531
totla bestpath tcost: 42928860

Testing on Transit seed 8
123456789101112131415161718192021222324252627282930313233343536373839404142434445464748495051525354555657585960616263646566676869707172737475767778798081828384858687888990919293949596979899100101102103104105106107108109110111112113114115116117118119120121122123124125126127128129130131132133134135136137138139140141142143144145146147148149150151152153154155156157158159160161162163164165GRAPH 0.2 1544623.8 ENDGRAPH
totalRIbsize: 34017
totla bestpath nodes: 102475
totla bestpath tcost: 48186722

Testing on Transit seed 9
123456789101112131415161718192021222324252627282930313233343536373839404142434445464748495051525354555657585960616263646566676869707172737475767778798081828384858687888990919293949596979899100101102103104105106107108109110111112113114115116117118119120121122123124125126127128129130131132133134135136137138139140141142143144145146147148149150151152153154155156157158159160161162163164165GRAPH 0.2 1521251.4 ENDGRAPH
totalRIbsize: 34652
totla bestpath nodes: 102507
totla bestpath tcost: 47160409

Testing on Transit seed 10
123456789101112131415161718192021222324252627282930313233343536373839404142434445464748495051525354555657585960616263646566676869707172737475767778798081828384858687888990919293949596979899100101102103104105106107108109110111112113114115116117118119120121122123124125126127128129130131132133134135136137138139140141142143144145146147148149150151152153154155156taking longer than: 20secs exiting

Testing for stub/transit percentage: 0.300000

Testing on Transit seed 1
123456789101112131415161718192021222324252627282930313233343536373839404142434445464748495051525354555657585960616263646566676869707172737475767778798081828384858687888990919293949596979899100101102103104105106107108109110111112113114115116117118119120121122123124125126127128129130131132133134135136137138139140141142143144145146147148149150151152153154155156157158159160161162163164165GRAPH 0.3 1544147.6 ENDGRAPH
totalRIbsize: 53890
totla bestpath nodes: 165521
totla bestpath tcost: 64204870

Testing on Transit seed 2
123456789101112131415161718192021222324252627282930313233343536373839404142434445464748495051525354555657585960616263646566676869707172737475767778798081828384858687888990919293949596979899100101102103104105106107108109110111112113114115116117118119120121122123124125126127128129130131132133134135136137138139140141142143144145146147148149150151152153154155156157158159160161162163164165GRAPH 0.3 1526471.6 ENDGRAPH
totalRIbsize: 52774
totla bestpath nodes: 164103
totla bestpath tcost: 65922665

Testing on Transit seed 3
123456789101112131415161718192021222324252627282930313233343536373839404142434445464748495051525354555657585960616263646566676869707172737475767778798081828384858687888990919293949596979899100101102103104105106107108109110111112113114115116117118119120121122123124125126127128129130131132133134135136137138139140141142143144145146147148149150151152153154155156157158159160161162163164165GRAPH 0.3 1442978.9 ENDGRAPH
totalRIbsize: 50682
totla bestpath nodes: 157872
totla bestpath tcost: 64225775

Testing on Transit seed 4
123456789101112131415161718192021222324252627282930313233343536373839404142434445464748495051525354555657585960616263646566676869707172737475767778798081828384858687888990919293949596979899100101102103104105106107108109110111112113114115116117118119120121122123124125126127128129130131132133134135136137138139140141142143144145146147148149150151152153154155156157158159160161162163164165GRAPH 0.3 1549832.5 ENDGRAPH
totalRIbsize: 52351
totla bestpath nodes: 166863
totla bestpath tcost: 68914368

Testing on Transit seed 5
123456789101112131415161718192021222324252627282930313233343536373839404142434445464748495051525354555657585960616263646566676869707172737475767778798081828384858687888990919293949596979899100101102103104105106107108109110111112113114115116117118119120121122123124125126127128129130131132133134135136137138139140141142143144145146147148149150151152153154155156157158159160161162163164165GRAPH 0.3 1363358.9 ENDGRAPH
totalRIbsize: 52845
totla bestpath nodes: 162645
totla bestpath tcost: 56310396

Testing on Transit seed 6
123456789101112131415161718192021222324252627282930313233343536373839404142434445464748495051525354555657585960616263646566676869707172737475767778798081828384858687888990919293949596979899100101102103104105106107108109110111112113114115116117118119120121122123124125126127128129130131132133134135136137138139140141142143144145146147148149150151152153154155156157158159160161162163164165GRAPH 0.3 1413202.2 ENDGRAPH
totalRIbsize: 53003
totla bestpath nodes: 160447
totla bestpath tcost: 59982266

Testing on Transit seed 7
123456789101112131415161718192021222324252627282930313233343536373839404142434445464748495051525354555657585960616263646566676869707172737475767778798081828384858687888990919293949596979899100101102103104105106107108109110111112113114115116117118119120121122123124125126127128129130131132133134135136137138139140141142143144145146147148149150151152153154155156157158159160161162163164165GRAPH 0.3 1477497.4 ENDGRAPH
totalRIbsize: 52127
totla bestpath nodes: 158213
totla bestpath tcost: 64202331

Testing on Transit seed 8
123456789101112131415161718192021222324252627282930313233343536373839404142434445464748495051525354555657585960616263646566676869707172737475767778798081828384858687888990919293949596979899100101102103104105106107108109110111112113114115116117118119120121122123124125126127128129130131132133134135136137138139140141142143144145146147148149150151152153154155156157158159160161162163164165GRAPH 0.3 1590564.0 ENDGRAPH
totalRIbsize: 52873
totla bestpath nodes: 161359
totla bestpath tcost: 69909723

Testing on Transit seed 9
123456789101112131415161718192021222324252627282930313233343536373839404142434445464748495051525354555657585960616263646566676869707172737475767778798081828384858687888990919293949596979899100101102103104105106107108109110111112113114115116117118119120121122123124125126127128129130131132133134135136137138139140141142143144145146147148149150151152153154155156157158159160161162163164165GRAPH 0.3 1494355.1 ENDGRAPH
totalRIbsize: 52576
totla bestpath nodes: 162148
totla bestpath tcost: 64770752

Testing on Transit seed 10
123456789101112131415161718192021222324252627282930313233343536373839404142434445464748495051525354555657585960616263646566676869707172737475767778798081828384858687888990919293949596979899100101102103104105106107108109110111112113114115116117118119120121122123124125126127128129130131132133134135136137138139140141142143144145146147148149150151152153154155156157158159160161162163164165GRAPH 0.3 1416340.8 ENDGRAPH
totalRIbsize: 50932
totla bestpath nodes: 158417
totla bestpath tcost: 64993077

Testing for stub/transit percentage: 0.400000

Testing on Transit seed 1
12345678910111213141516171819202122232425262728293031323334353637taking longer than: 20secs exiting

Testing on Transit seed 2
1234567891011121314151617181920212223242526272829303132333435363738394041taking longer than: 20secs exiting

Testing on Transit seed 3
123456789101112131415161718192021222324252627282930313233343536373839404142434445464748495051525354555657585960616263646566676869707172737475767778798081828384858687888990919293949596979899100101102103104105106107108109110111112113114115116117118119120121122123124125126127128129130131132133134135136137138139140141142143144145146147148149150151152153154155156157158159160161162163164165GRAPH 0.4 1398569.4 ENDGRAPH
totalRIbsize: 67712
totla bestpath nodes: 211685
totla bestpath tcost: 81953717

Testing on Transit seed 4
1234567891011121314151617181920212223242526272829303132333435363738394041424344454647484950515253545556575859606162636465666768taking longer than: 20secs exiting

Testing on Transit seed 5
123456789101112131415161718192021222324252627282930313233343536373839404142434445464748495051525354555657585960616263646566676869707172737475767778798081828384858687888990919293949596979899100101102103104105106107108109110111112113114115116117118119120121122123124125126127128129130131132133134135136137138139140141142143144145146147148149150151152153154155156157158159160161162163164165GRAPH 0.4 1267141.8 ENDGRAPH
totalRIbsize: 70923
totla bestpath nodes: 212137
totla bestpath tcost: 68104502

Testing on Transit seed 6
123456789101112131415161718192021222324252627282930313233343536373839404142434445464748495051525354555657585960616263646566676869707172737475767778798081828384858687888990919293949596979899100101102103104105106107108109110111112113114115116117118119120121122123124125126127128129130131132133134135136137138139140141142143144145146147148149150151152153154155156157158159160161162163164165GRAPH 0.4 1382597.0 ENDGRAPH
totalRIbsize: 70978
totla bestpath nodes: 218286
totla bestpath tcost: 77653904

Testing on Transit seed 7
123456789101112131415161718192021222324252627282930313233343536373839404142434445464748495051525354555657585960616263646566676869707172737475767778798081828384858687888990919293949596979899100101102103104105106107108109110111112113114115116117118119120121122123124125126127128129130131132133134135136137138139140141142143144145146147148149150151152153154155156157158159160161162163164165GRAPH 0.4 1433700.0 ENDGRAPH
totalRIbsize: 69797
totla bestpath nodes: 213588
totla bestpath tcost: 81581162

Testing on Transit seed 8
123456789101112131415161718192021222324252627282930313233343536373839404142434445464748495051525354555657585960616263646566676869707172737475767778798081828384858687888990919293949596979899100101102103104105106107108109110111112113114taking longer than: 20secs exiting

Testing on Transit seed 9
123456789101112131415161718192021222324252627282930313233343536373839404142434445464748495051525354taking longer than: 20secs exiting

Testing on Transit seed 10
123456789101112131415161718192021222324252627282930313233343536373839404142434445464748495051525354555657585960616263646566676869707172737475767778798081828384858687888990919293949596979899100101102103104105106107108109110111112113114115116117118119120121122123124125126127128129130131132133134135136137138139140141142143144145146147148149150151152153154155156157158159160161162163164165GRAPH 0.4 1378473.4 ENDGRAPH
totalRIbsize: 68594
totla bestpath nodes: 211694
totla bestpath tcost: 82469614

Testing for stub/transit percentage: 0.500000

Testing on Transit seed 1
123456789101112131415161718192021222324252627282930taking longer than: 20secs exiting

Testing on Transit seed 2
123456789101112131415161718192021222324252627282930313233343536373839404142434445464748495051525354555657585960616263646566676869707172737475taking longer than: 20secs exiting

Testing on Transit seed 3
123456789101112131415161718192021222324252627282930313233343536373839404142434445464748495051525354555657585960616263646566676869707172737475767778798081828384858687888990919293949596979899100101102103104105106107108109110111112113114115116117118119120121122123124125126127128129130131132133134135136137138139140141142143144145146147148149150151152153154155156157158159160161162163164165GRAPH 0.5 1298384.2 ENDGRAPH
totalRIbsize: 84120
totla bestpath nodes: 264848
totla bestpath tcost: 93914316

Testing on Transit seed 4
123456789101112131415161718192021222324252627282930313233343536373839404142434445464748495051525354555657585960616263646566676869707172737475767778798081828384858687888990919293949596979899100101102103104105106107108109110111112113114115116117118119120121122123124125126127128129130131132133134135136137138139140141142143144145146147148149150151152153154155156157158159160161162163164165GRAPH 0.5 1223430.0 ENDGRAPH
totalRIbsize: 86430
totla bestpath nodes: 270191
totla bestpath tcost: 84713484

Testing on Transit seed 5
123456789101112131415161718192021222324252627282930313233343536373839404142434445464748495051525354555657585960616263646566676869707172737475767778798081828384858687888990919293949596979899100101102103104105106107108109110111112113114115116117118119120121122123124125126127128129130131132133134135136137138139140141142143144145146147148149150151152153154155156157158159160161162163164165GRAPH 0.5 1214867.0 ENDGRAPH
totalRIbsize: 86866
totla bestpath nodes: 263241
totla bestpath tcost: 83256511

Testing on Transit seed 6
123456789101112131415161718192021222324252627282930313233343536373839404142434445464748495051525354555657585960616263646566676869707172737475767778798081828384858687888990919293949596979899100101102103104105106107108109110111112113114115116117118119120121122123124125126127128129130131132133134135136137138139140141142143144145146147148149150151152153154155156157158159160161162163164165GRAPH 0.5 1309245.9 ENDGRAPH
totalRIbsize: 87388
totla bestpath nodes: 268904
totla bestpath tcost: 92215906

Testing on Transit seed 7
123456789101112131415161718192021222324252627282930313233343536373839404142434445464748495051525354555657585960616263646566676869707172737475767778798081828384858687888990919293949596979899100101102103104105106107108109110111112113114115116117118119120121122123124125126127128129130131132133134135136137138139140141142143144145146147148149150151152153154155156157158159160161162163164165GRAPH 0.5 1421495.4 ENDGRAPH
totalRIbsize: 85629
totla bestpath nodes: 263862
totla bestpath tcost: 103214019

Testing on Transit seed 8
12345678910111213141516171819202122232425262728293031323334353637383940414243444546474849505152535455565758596061626364656667686970717273747576taking longer than: 20secs exiting

Testing on Transit seed 9
123456789101112131415161718192021222324252627282930313233343536373839404142434445464748495051525354555657585960616263646566676869707172737475767778798081828384858687888990919293949596979899100101102103104105106107108109110111112113114115116117118119120121taking longer than: 20secs exiting

Testing on Transit seed 10
123456789101112131415161718192021222324252627282930313233343536373839404142434445464748495051525354555657585960616263646566676869707172737475767778798081828384858687888990919293949596979899100101102103104105106107108109110111112113114115116117118119120121122123124125126127128129130131132133134135136137138139140141142143144145146147148149150151152153154155156157158159160161162163164165GRAPH 0.5 1360438.8 ENDGRAPH
totalRIbsize: 85633
totla bestpath nodes: 256760
totla bestpath tcost: 98977856

Testing for stub/transit percentage: 0.600000

Testing on Transit seed 1
123456789101112131415161718192021222324252627282930313233343536373839404142434445464748495051525354555657585960616263646566676869707172737475767778798081828384858687888990919293949596979899100101102103104105106107108109110111112113114115116117118119120121122123124125126127128129130131132133134135136137138139140141142143144145146147148149150151152153154155156157158159160161162163164165GRAPH 0.6 1091552.5 ENDGRAPH
totalRIbsize: 104150
totla bestpath nodes: 330295
totla bestpath tcost: 87467726

Testing on Transit seed 2
12345678910111213141516171819202122232425262728293031323334353637383940414243444546474849505152535455565758596061626364656667686970717273747576777879808182838485868788899091929394taking longer than: 20secs exiting

Testing on Transit seed 3
123456789101112131415161718192021222324252627282930313233343536373839404142434445464748495051525354555657585960616263646566676869707172737475767778798081828384858687888990919293949596979899100101102103104105106107108109110111112113114115116117118119120121122123124125126127128129130131132133134135136137138139140141142143144145146147148149150151152153154155156157158159160161162163164165GRAPH 0.6 1159700.2 ENDGRAPH
totalRIbsize: 101896
totla bestpath nodes: 317866
totla bestpath tcost: 95256164

Testing on Transit seed 4
123456789101112131415161718192021222324252627282930313233343536373839404142434445464748495051525354555657585960616263646566676869707172737475767778798081828384858687888990919293949596979899100101102103104105106107108109110111112113114115116117118119120121122123124125126127128129130131132133134135136137138139140141142143144145146147148149150151152153154155156157158159160161162163164165GRAPH 0.6 1141144.4 ENDGRAPH
totalRIbsize: 102996
totla bestpath nodes: 325573
totla bestpath tcost: 94601860

Testing on Transit seed 5
123456789101112131415161718192021222324252627282930313233343536373839404142434445464748495051525354555657585960616263646566676869707172737475767778798081828384858687888990919293949596979899100101102103104105106107108109110111112113114115116117118119120121122123124125126127128129130taking longer than: 20secs exiting

Testing on Transit seed 6
123456789101112131415161718192021222324252627282930313233343536373839404142434445464748495051525354555657585960616263646566676869707172737475767778798081828384858687888990919293949596979899100101102103104105106107108109110111112113114115116117118119120121122123124125126127128129130131132133134135taking longer than: 20secs exiting

Testing on Transit seed 7
1234567891011121314151617181920212223242526272829303132333435363738394041424344454647484950taking longer than: 20secs exiting

Testing on Transit seed 8
123456789101112131415161718192021222324252627282930313233343536373839404142434445464748495051525354555657585960616263646566676869707172737475767778798081828384858687888990919293949596979899100101102103104105106107108109110111112113114115116117118119120121122123124125126127128129130131132133134135136137138139140141142143144145146147148149150151152153154155156157158159160161162163164165GRAPH 0.6 1284751.5 ENDGRAPH
totalRIbsize: 102534
totla bestpath nodes: 321451
totla bestpath tcost: 109197024

Testing on Transit seed 9
123456789101112131415161718192021222324252627282930313233343536373839404142434445464748495051525354555657585960616263646566676869707172737475767778798081828384858687888990919293949596979899100101102103104105106107108109110111112113114115116117118119120121122123124125126127128129130131132133134135136137138139140141142143144145146147148149150151152153154155156157158159160161162163164165GRAPH 0.6 1176805.9 ENDGRAPH
totalRIbsize: 103839
totla bestpath nodes: 319550
totla bestpath tcost: 95080448

Testing on Transit seed 10
123456789101112131415161718192021222324252627282930313233343536373839404142434445464748495051525354555657585960616263646566676869707172737475767778798081828384858687888990919293949596979899100101102103104105106107108109110111112113114115116117118119120121122123124125126127128129130131132133134135136137138139140141142143144145146147148149150151152153154155156157158159160161162163164165GRAPH 0.6 1329740.2 ENDGRAPH
totalRIbsize: 102667
totla bestpath nodes: 309969
totla bestpath tcost: 113495968

Testing for stub/transit percentage: 0.700000

Testing on Transit seed 1
123456789101112131415161718192021222324252627282930313233343536373839404142434445464748495051525354555657585960616263646566676869707172737475767778798081828384858687888990919293949596979899100101102103104105106107108109110111112113114115116117118119120121122123124125126127128129130131132133134135136137138139140141142143144145146147148149150151152153154155156157158159160161162163164165GRAPH 0.7 1020624.2 ENDGRAPH
totalRIbsize: 119527
totla bestpath nodes: 365050
totla bestpath tcost: 95649032

Testing on Transit seed 2
123456789101112131415161718192021222324252627282930313233343536373839404142434445464748495051525354555657585960616263646566676869707172737475767778798081828384858687888990919293949596979899100101102103104105106107108109110111112113114115116117118119120121122123124125126127128129130131132133134135136137138139140141142143144145146147148149150151152153154155156157158159160161162163164165GRAPH 0.7 1280141.8 ENDGRAPH
totalRIbsize: 120006
totla bestpath nodes: 373803
totla bestpath tcost: 122302441

Testing on Transit seed 3
123456789101112131415161718192021222324252627282930313233343536373839404142434445464748495051525354555657585960616263646566676869707172737475767778798081828384858687888990919293949596979899100101102103104105106107108109110111112113114115116117118119120121122123124125126127128129130131132133134135136137138139140141142143144145146147148149150151152153154155156157158159160161162163164165GRAPH 0.7 1081608.6 ENDGRAPH
totalRIbsize: 118800
totla bestpath nodes: 368068
totla bestpath tcost: 103497696

Testing on Transit seed 4
123456789101112131415161718192021222324252627282930313233343536373839404142434445464748495051525354555657585960616263646566676869707172737475767778798081828384858687888990919293949596979899100101102103104105106107108109110111112113114115116117118119120121122123124125126127128129130131132133134135136137138139140141142143144145146147148149150151152153154155156157158159160161162163164165GRAPH 0.7 1076340.8 ENDGRAPH
totalRIbsize: 118977
totla bestpath nodes: 377974
totla bestpath tcost: 103990656

Testing on Transit seed 5
12345678910111213141516171819202122232425262728293031323334353637383940414243444546474849505152535455565758596061626364656667686970717273747576777879808182838485868788899091929394959697taking longer than: 20secs exiting

Testing on Transit seed 6
123456789101112131415161718192021222324252627282930313233343536373839404142434445464748495051525354555657585960616263646566676869707172737475767778798081828384858687888990919293949596979899100101102103104105106107108109110111112113114115116117118119120121122123124125126127128129130131132133134135136137138139140141142143144145146147148149150151152153154155156157158159160161162163164165GRAPH 0.7 1113800.5 ENDGRAPH
totalRIbsize: 119866
totla bestpath nodes: 376233
totla bestpath tcost: 107837235

Testing on Transit seed 7
123456789101112131415161718192021222324252627282930313233343536373839404142434445464748495051525354555657585960616263646566676869707172737475767778798081828384858687888990919293949596979899100101102103104105106107108109110111112113114115116117118119120121122123124125126127128129130131132133134135136137138139140141142143144145146147148149150151152153154155156157158159160161162163164165GRAPH 0.7 1195725.4 ENDGRAPH
totalRIbsize: 118562
totla bestpath nodes: 361764
totla bestpath tcost: 115850760

Testing on Transit seed 8
123456789101112131415161718192021222324252627282930313233343536373839404142434445464748495051525354555657585960616263646566676869707172737475767778798081828384858687888990919293949596979899100101102103104105106107108109110111112113114115116117118119120121122123124125126127128129130131132133134135136137138139140141142143144145146147148149150151152153154155156157158159160161162163164165GRAPH 0.7 1234713.6 ENDGRAPH
totalRIbsize: 118685
totla bestpath nodes: 371755
totla bestpath tcost: 121914476

Testing on Transit seed 9
123456789101112131415161718192021222324252627282930313233343536373839404142434445464748495051525354555657585960616263646566676869707172737475767778798081828384858687888990919293949596979899100101102103104105106107108109110111112113114115116117118119120121122123124125126127128129130131132133134135136137138139140141142143144145146147148149150151152153154155156157158159160161162163164165GRAPH 0.7 1058733.5 ENDGRAPH
totalRIbsize: 120050
totla bestpath nodes: 369997
totla bestpath tcost: 98608202

Testing on Transit seed 10
123456789101112131415161718192021222324252627282930313233343536373839404142434445464748495051525354555657585960616263646566676869707172737475767778798081828384858687888990919293949596979899100101102103104105106107108109110111112113114115116117118119120121122123124125126127128129130131132133134135136137138139140141142143144145146147148149150151152153154155156157158159160161162163164165GRAPH 0.7 1238614.1 ENDGRAPH
totalRIbsize: 118629
totla bestpath nodes: 357376
totla bestpath tcost: 121601384

Testing for stub/transit percentage: 0.800000

Testing on Transit seed 1
123456789101112131415161718192021222324252627282930313233343536373839404142434445464748495051525354555657585960616263646566676869707172737475767778798081828384858687888990919293949596979899100101102103104105106107108109110111112113114115116117118119120121122123124125126127128129130131132133134135136137138139140141142143144145146147148149150151152153154155156157158159160161162163164165GRAPH 0.8 964241.2 ENDGRAPH
totalRIbsize: 136323
totla bestpath nodes: 413899
totla bestpath tcost: 102518346

Testing on Transit seed 2
123456789101112131415161718192021222324252627282930313233343536373839404142434445464748495051525354555657585960616263646566676869707172737475767778798081828384858687888990919293949596979899100101102103104105106107108109110111112113114115116117118119120121122123124125126127128129130131132133134135136137138139140141142143144145146147148149150151152153154155156157158159160161162163164165GRAPH 0.8 1263298.5 ENDGRAPH
totalRIbsize: 136817
totla bestpath nodes: 431702
totla bestpath tcost: 138558000

Testing on Transit seed 3
1234567891011121314151617181920212223242526272829303132333435363738394041424344454647484950515253545556575859606162636465666768697071727374757677787980818283848586878889taking longer than: 20secs exiting

Testing on Transit seed 4
123456789101112131415161718192021222324252627282930313233343536373839404142434445464748495051525354555657585960616263646566676869707172737475767778798081828384858687888990919293949596979899100101102103104105106107108109110111112113114115116117118119120121122123124125126127128129130131132133134135136137138139140141142143144145146147148149150151152153154155156157158159160161162163164165GRAPH 0.8 905113.06 ENDGRAPH
totalRIbsize: 135914
totla bestpath nodes: 420336
totla bestpath tcost: 98093826

Testing on Transit seed 5
123456789101112131415161718192021222324252627282930313233343536373839404142434445464748495051525354555657585960616263646566676869707172737475767778798081828384858687888990919293949596979899100101102103104105106107108109110111112113114115116117118119120121122123124125126127128129130131132133134135136137138139140141142143144145146147148149150151152153154155156157158159160161162163164165GRAPH 0.8 924165.7 ENDGRAPH
totalRIbsize: 135841
totla bestpath nodes: 414220
totla bestpath tcost: 98643744

Testing on Transit seed 6
123456789101112131415161718192021222324252627282930313233343536373839404142434445464748495051525354555657585960616263646566676869707172737475767778798081828384858687888990919293949596979899100101102103104105106107108109110taking longer than: 20secs exiting

Testing on Transit seed 7
1234567891011121314151617181920212223242526272829303132333435363738taking longer than: 20secs exiting

Testing on Transit seed 8
123456789101112131415161718192021222324252627282930313233343536373839404142434445464748495051525354555657585960616263646566676869707172737475767778798081828384858687888990919293949596979899100101102103104105106107108109110111112113114115116117118119120121122123124125126127128129130131132133134135136137138139140141142143144145146147148149150151152153154155156157158159160161162163164165GRAPH 0.8 964940.25 ENDGRAPH
totalRIbsize: 135409
totla bestpath nodes: 415969
totla bestpath tcost: 101723130

Testing on Transit seed 9
123456789101112131415161718192021222324252627282930313233343536373839404142434445464748495051525354555657585960616263646566676869707172737475767778798081828384858687888990919293949596979899100101102103104105106107108109110111112113114115116117118119120121122123124125126127128129130131132133134135136137138139140141142143144145146147148149150151152153154155156157158159160161162163164165GRAPH 0.8 931813.8 ENDGRAPH
totalRIbsize: 136549
totla bestpath nodes: 423554
totla bestpath tcost: 99307771

Testing on Transit seed 10
123456789101112131415161718192021222324252627282930313233343536373839404142434445464748495051525354555657585960616263646566676869707172737475767778798081828384858687888990919293949596979899100101102103104105106107108109110111112113114115116117118119120121122123124125126127128129130131132133134135136137138139140141142143144145146147148149150151152153154155156157158159160161162163164165GRAPH 0.8 1186376.0 ENDGRAPH
totalRIbsize: 135338
totla bestpath nodes: 408778
totla bestpath tcost: 134734225

Testing for stub/transit percentage: 0.900000

Testing on Transit seed 1
123456789101112131415161718192021222324252627282930313233343536373839404142434445464748495051525354555657585960616263646566676869707172737475767778798081828384858687888990919293949596979899100101102103104105106107108109110111112113114115116117118119120121122123124125126127128129130131132133134135136137138139140141142143144145146147148149150151152153154155156157158159160161162163164165GRAPH 0.9 872771.75 ENDGRAPH
totalRIbsize: 152016
totla bestpath nodes: 464940
totla bestpath tcost: 104177883

Testing on Transit seed 2
123456789101112131415161718192021222324252627282930313233343536373839404142434445464748495051525354555657585960616263646566676869707172737475767778798081828384858687888990919293949596979899100101102103104105106107108109110111112113114115116117118119120121122123124125126127128129130131132133134135136137138139140141142143144145146147148149150151152153154155156157158159160161162163164165GRAPH 0.9 898062.44 ENDGRAPH
totalRIbsize: 151868
totla bestpath nodes: 464841
totla bestpath tcost: 106311347

Testing on Transit seed 3
123456789101112131415161718192021222324252627282930313233343536373839404142434445464748495051525354555657585960616263646566676869707172737475767778798081828384858687888990919293949596979899100101102103104105106107108109110111112113114115116117118119120121122123124125126127128129130131132133134135136137138139140141142143144145146147148149150151152153154155156157158159160161162163164165GRAPH 0.9 832179.9 ENDGRAPH
totalRIbsize: 151994
totla bestpath nodes: 472559
totla bestpath tcost: 98388090

Testing on Transit seed 4
123456789101112131415161718192021222324252627282930313233343536373839404142434445464748495051525354555657585960616263646566676869707172737475767778798081828384858687888990919293949596979899100101102103104105106107108109110111112113114115116117118119120121122123124125126127128129130131132133134135136137138139140141142143144145146147148149150151152153154155156157158159160161162163164165GRAPH 0.9 820393.75 ENDGRAPH
totalRIbsize: 151673
totla bestpath nodes: 470978
totla bestpath tcost: 97352019

Testing on Transit seed 5
123456789101112131415161718192021222324252627282930313233343536373839404142434445464748495051525354555657585960616263646566676869707172737475767778798081828384858687888990919293949596979899100101102103104105106107108109110111112113114115116117118119120121122123124125126127128129130131132133134135136137138139140141142143144145146147148149150151152153154155156157158159160161162163164165GRAPH 0.9 856484.9 ENDGRAPH
totalRIbsize: 151921
totla bestpath nodes: 463328
totla bestpath tcost: 100274493

Testing on Transit seed 6
123456789101112131415161718192021222324252627282930313233343536373839404142434445464748495051525354555657585960616263646566676869707172737475767778798081828384858687888990919293949596979899100101102103104105106107108109110111112113114115116117118119120121122123124125126127128129130131132133134135136137138139140141142143144145146147148149150151152153154155156157158159160161162163164165GRAPH 0.9 908570.6 ENDGRAPH
totalRIbsize: 152658
totla bestpath nodes: 469490
totla bestpath tcost: 106878072

Testing on Transit seed 7
1234567891011121314151617181920212223242526272829303132333435363738394041424344454647484950taking longer than: 20secs exiting

Testing on Transit seed 8
123456789101112131415161718192021222324252627282930313233343536373839404142434445464748495051525354555657585960616263646566676869707172737475767778798081828384858687888990919293949596979899100101102103104105106107108109110111112113114115116117118119120121122123124125126127128129130131132133134135136137138139140141142143144145146147148149150151152153154155156157158159160161162163164165GRAPH 0.9 862876.8 ENDGRAPH
totalRIbsize: 151608
totla bestpath nodes: 466965
totla bestpath tcost: 100891177

Testing on Transit seed 9
123456789101112131415161718192021222324252627282930313233343536373839404142434445464748495051525354555657585960616263646566676869707172737475767778798081828384858687888990919293949596979899100101102103104105106107108109110111112113114115116117118119120121122123124125126127128129130131132133134135136137138139140141142143144145146147148149150151152153154155156157158159160161162163164165GRAPH 0.9 770158.1 ENDGRAPH
totalRIbsize: 151924
totla bestpath nodes: 462134
totla bestpath tcost: 89419138

Testing on Transit seed 10
123456789101112131415161718192021222324252627282930313233343536373839404142434445464748495051525354555657585960616263646566676869707172737475767778798081828384858687888990919293949596979899100101102103104105106107108109110111112113114115116117118119120121122123124125126127128129130131132133134135136137138139140141142143144145146147148149150151152153154155156157158159160161162163164165GRAPH 0.9 959155.94 ENDGRAPH
totalRIbsize: 151776
totla bestpath nodes: 454132
totla bestpath tcost: 112461095

Testing for stub/transit percentage: 1.000000

Testing on Transit seed 1
123456789101112131415161718192021222324252627282930313233343536373839404142434445464748495051525354555657585960616263646566676869707172737475767778798081828384858687888990919293949596979899100101102103104105106107108109110111112113114115116117118119120121122123124125126127128129130131132133134135136137138139140141142143144145146147148149150151152153154155156157158159160161162163164165GRAPH 1.0 698950.2 ENDGRAPH
totalRIbsize: 168550
totla bestpath nodes: 520191
totla bestpath tcost: 87669122

Testing on Transit seed 2
123456789101112131415161718192021222324252627282930313233343536373839404142434445464748495051525354555657585960616263646566676869707172737475767778798081828384858687888990919293949596979899100101102103104105106107108109110111112113114115116117118119120121122123124125126127128129130131132133134135136137138139140141142143144145146147148149150151152153154155156157158159160161162163164165GRAPH 1.0 698950.2 ENDGRAPH
totalRIbsize: 168550
totla bestpath nodes: 520191
totla bestpath tcost: 87669122

Testing on Transit seed 3
123456789101112131415161718192021222324252627282930313233343536373839404142434445464748495051525354555657585960616263646566676869707172737475767778798081828384858687888990919293949596979899100101102103104105106107108109110111112113114115116117118119120121122123124125126127128129130131132133134135136137138139140141142143144145146147148149150151152153154155156157158159160161162163164165GRAPH 1.0 698950.2 ENDGRAPH
totalRIbsize: 168550
totla bestpath nodes: 520191
totla bestpath tcost: 87669122

Testing on Transit seed 4
123456789101112131415161718192021222324252627282930313233343536373839404142434445464748495051525354555657585960616263646566676869707172737475767778798081828384858687888990919293949596979899100101102103104105106107108109110111112113114115116117118119120121122123124125126127128129130131132133134135136137138139140141142143144145146147148149150151152153154155156157158159160161162163164165GRAPH 1.0 698950.2 ENDGRAPH
totalRIbsize: 168550
totla bestpath nodes: 520191
totla bestpath tcost: 87669122

Testing on Transit seed 5
123456789101112131415161718192021222324252627282930313233343536373839404142434445464748495051525354555657585960616263646566676869707172737475767778798081828384858687888990919293949596979899100101102103104105106107108109110111112113114115116117118119120121122123124125126127128129130131132133134135136137138139140141142143144145146147148149150151152153154155156157158159160161162163164165GRAPH 1.0 698950.2 ENDGRAPH
totalRIbsize: 168550
totla bestpath nodes: 520191
totla bestpath tcost: 87669122

Testing on Transit seed 6
123456789101112131415161718192021222324252627282930313233343536373839404142434445464748495051525354555657585960616263646566676869707172737475767778798081828384858687888990919293949596979899100101102103104105106107108109110111112113114115116117118119120121122123124125126127128129130131132133134135136137138139140141142143144145146147148149150151152153154155156157158159160161162163164165GRAPH 1.0 698950.2 ENDGRAPH
totalRIbsize: 168550
totla bestpath nodes: 520191
totla bestpath tcost: 87669122

Testing on Transit seed 7
123456789101112131415161718192021222324252627282930313233343536373839404142434445464748495051525354555657585960616263646566676869707172737475767778798081828384858687888990919293949596979899100101102103104105106107108109110111112113114115116117118119120121122123124125126127128129130131132133134135136137138139140141142143144145146147148149150151152153154155156157158159160161162163164165GRAPH 1.0 698950.2 ENDGRAPH
totalRIbsize: 168550
totla bestpath nodes: 520191
totla bestpath tcost: 87669122

Testing on Transit seed 8
123456789101112131415161718192021222324252627282930313233343536373839404142434445464748495051525354555657585960616263646566676869707172737475767778798081828384858687888990919293949596979899100101102103104105106107108109110111112113114115116117118119120121122123124125126127128129130131132133134135136137138139140141142143144145146147148149150151152153154155156157158159160161162163164165GRAPH 1.0 698950.2 ENDGRAPH
totalRIbsize: 168550
totla bestpath nodes: 520191
totla bestpath tcost: 87669122

Testing on Transit seed 9
123456789101112131415161718192021222324252627282930313233343536373839404142434445464748495051525354555657585960616263646566676869707172737475767778798081828384858687888990919293949596979899100101102103104105106107108109110111112113114115116117118119120121122123124125126127128129130131132133134135136137138139140141142143144145146147148149150151152153154155156157158159160161162163164165GRAPH 1.0 698950.2 ENDGRAPH
totalRIbsize: 168550
totla bestpath nodes: 520191
totla bestpath tcost: 87669122

Testing on Transit seed 10
123456789101112131415161718192021222324252627282930313233343536373839404142434445464748495051525354555657585960616263646566676869707172737475767778798081828384858687888990919293949596979899100101102103104105106107108109110111112113114115116117118119120121122123124125126127128129130131132133134135136137138139140141142143144145146147148149150151152153154155156157158159160161162163164165GRAPH 1.0 698950.2 ENDGRAPH
totalRIbsize: 168550
totla bestpath nodes: 520191
totla bestpath tcost: 87669122
