505 5 2 1 1 10 non-contiguous deployement, monitored at gulf ASesastypes.txt
LEGEND non-contiguous deployement, monitored at gulf ASes ENDLEGEND\n
numpathcap: 10
123456789101112131415161718192021222324252627282930313233343536373839404142434445464748495051525354555657585960616263646566676869707172737475767778798081828384858687888990919293949596979899100101102103104105106107108109110111112113114115116117118119120121122123124125126127128129130131132133134135136137138139140141142143144145146147148149150151152153154155156157158159160161162163164165RIB GRAPH 0.0 56249.062 ENDGRAPH ENDRIB
FIB GRAPH 0.0 29522.26 ENDGRAPH ENDFIB
totalRIbsize: 175092
totla bestpath nodes: 446669
totla bestpath tcost: 232215729

Testing for stub/transit percentage: 0.100000

Testing on Transit seed 1
numpathcap: 10
123456789101112131415161718192021222324252627282930313233343536373839404142434445464748495051525354555657585960616263646566676869707172737475767778798081828384858687888990919293949596979899100101102103104105106107108109110111112113114115116117118119120121122123124125126127128129130131132133134135136137138139140141142143144145146147148149150151152153154155156157158159160161162163164165RIB GRAPH 0.1 55309.125 ENDGRAPH ENDRIB
FIB GRAPH 0.1 29174.42 ENDGRAPH ENDFIB
totalRIbsize: 157632
totla bestpath nodes: 406807
totla bestpath tcost: 211409316

Testing on Transit seed 2
numpathcap: 10
123456789101112131415161718192021222324252627282930313233343536373839404142434445464748495051525354555657585960616263646566676869707172737475767778798081828384858687888990919293949596979899100101102103104105106107108109110111112113114115116117118119120121122123124125126127128129130131132133134135136137138139140141142143144145146147148149150151152153154155156157158159160161162163164165RIB GRAPH 0.1 54682.582 ENDGRAPH ENDRIB
FIB GRAPH 0.1 29137.084 ENDGRAPH ENDFIB
totalRIbsize: 156895
totla bestpath nodes: 413210
totla bestpath tcost: 215363639

Testing on Transit seed 3
numpathcap: 10
123456789101112131415161718192021222324252627282930313233343536373839404142434445464748495051525354555657585960616263646566676869707172737475767778798081828384858687888990919293949596979899100101102103104105106107108109110111112113114115116117118119120121122123124125126127128129130131132133134135136137138139140141142143144145146147148149150151152153154155156157158159160161162163164165RIB GRAPH 0.1 55928.195 ENDGRAPH ENDRIB
FIB GRAPH 0.1 29241.217 ENDGRAPH ENDFIB
totalRIbsize: 158346
totla bestpath nodes: 406043
totla bestpath tcost: 211671642

Testing on Transit seed 4
numpathcap: 10
123456789101112131415161718192021222324252627282930313233343536taking longer than: 30stopping this run
removing rib and fib entries for : 353
373839404142434445464748495051525354555657585960616263646566676869707172737475767778798081828384858687888990919293949596979899100101102103104105106107108109110111112113114115116117118119120121122123124125126127128129130131132133134135136137138139140141142143144145146147148149150151152153154155156157158159160161162163164165RIB GRAPH 0.1 53085.812 ENDGRAPH ENDRIB
FIB GRAPH 0.1 28727.951 ENDGRAPH ENDFIB
totalRIbsize: 151524
totla bestpath nodes: 413817
totla bestpath tcost: 214679005

Testing on Transit seed 5
numpathcap: 10
123456789101112131415161718192021222324252627282930313233343536373839404142434445464748495051525354555657585960616263646566676869707172737475767778798081828384858687888990taking longer than: 30stopping this run
removing rib and fib entries for : 438
919293949596979899100101102103104105106107108109110111112113114115116117118119120121122123124125126127128129130131132133134135136137138139140141142143144145146147148149150151152153154155156157158159160161162163164165RIB GRAPH 0.1 53784.78 ENDGRAPH ENDRIB
FIB GRAPH 0.1 29331.281 ENDGRAPH ENDFIB
totalRIbsize: 151601
totla bestpath nodes: 422626
totla bestpath tcost: 224662953

Testing on Transit seed 6
numpathcap: 10
123456789101112131415161718192021222324252627282930313233343536373839404142434445464748495051525354555657585960616263646566676869707172737475767778798081828384858687888990919293949596979899100101102103104105106107108109110111112113114115116117118119120121122123124125126127128129130131132133134135136137138139140141142143144145146147148149150151152153154155156157158159160161162163164165RIB GRAPH 0.1 55502.234 ENDGRAPH ENDRIB
FIB GRAPH 0.1 29812.371 ENDGRAPH ENDFIB
totalRIbsize: 156358
totla bestpath nodes: 413014
totla bestpath tcost: 216192842

Testing on Transit seed 7
numpathcap: 10
123456789101112131415161718192021222324252627282930313233343536373839404142434445464748495051525354555657585960616263646566676869707172737475767778798081828384858687888990919293949596979899100101102103104105106107108109110111112113114115116117118119120121122123124125126127128129130131132133134135136137138139140141142143144145146147148149150151152153154155156157158159160161162163164165RIB GRAPH 0.1 56752.777 ENDGRAPH ENDRIB
FIB GRAPH 0.1 29876.328 ENDGRAPH ENDFIB
totalRIbsize: 157597
totla bestpath nodes: 405249
totla bestpath tcost: 212228432

Testing on Transit seed 8
numpathcap: 10
1234567891011121314151617181920212223242526272829303132333435363738394041424344454647484950taking longer than: 30stopping this run
removing rib and fib entries for : 387
51525354555657585960616263646566676869707172737475767778798081828384858687888990919293949596979899100101102103104105106107108109110111112113114115116117118119120121122123124125126127128129130131132133134135136137138139140141142143144145146147148149150151152153154155156157158159160161162163164165RIB GRAPH 0.1 54713.062 ENDGRAPH ENDRIB
FIB GRAPH 0.1 29281.639 ENDGRAPH ENDFIB
totalRIbsize: 149798
totla bestpath nodes: 398961
totla bestpath tcost: 208694980

Testing on Transit seed 9
numpathcap: 10
123456789101112131415161718192021222324252627282930313233343536373839404142434445464748495051525354555657585960616263646566676869707172737475767778798081828384858687888990919293949596979899100101102103104105106107108109110111112113114115116117118119120121122123124125126127128129130131132133134135136137138139140141142143144145146147148149150151152153154155156157158159160161162163164165RIB GRAPH 0.1 56981.203 ENDGRAPH ENDRIB
FIB GRAPH 0.1 29901.117 ENDGRAPH ENDFIB
totalRIbsize: 158445
totla bestpath nodes: 404184
totla bestpath tcost: 210985655

Testing on Transit seed 10
numpathcap: 10
123456789101112131415161718192021222324252627282930313233343536373839404142434445464748495051525354555657585960616263646566676869707172737475767778798081828384858687888990919293949596979899100101102103104105106107108109110111112113114115116117118119120121122123124125126127128129130131132133134135136137138139140141142143144145146147148149150151152153154155156157158159160161162163164165RIB GRAPH 0.1 56491.016 ENDGRAPH ENDRIB
FIB GRAPH 0.1 29707.525 ENDGRAPH ENDFIB
totalRIbsize: 158277
totla bestpath nodes: 404555
totla bestpath tcost: 211240966

Testing for stub/transit percentage: 0.200000

Testing on Transit seed 1
numpathcap: 10
123456789101112131415161718192021222324252627282930313233343536373839404142434445464748495051525354555657585960616263646566676869707172737475767778798081828384858687888990919293949596979899100101102103104105106107108109110111112113114115116117118119120121122123124125126127128129130131132133134135136137138139140141142143144145146147148149150151152153154155156157158159160161162163164165RIB GRAPH 0.2 54734.46 ENDGRAPH ENDRIB
FIB GRAPH 0.2 29367.955 ENDGRAPH ENDFIB
totalRIbsize: 138015
totla bestpath nodes: 373548
totla bestpath tcost: 198758745

Testing on Transit seed 2
numpathcap: 10
123456789101112131415161718192021222324252627282930313233343536373839404142434445464748495051525354555657585960616263646566676869707172737475767778798081828384858687888990919293949596979899100101102103104105106107108109110111112113114115116117118119120121122123124125126127128129130131132133134135136137138139140141142143144145146147148149150151152153154155156157158159160161162163164165RIB GRAPH 0.2 54211.273 ENDGRAPH ENDRIB
FIB GRAPH 0.2 28885.748 ENDGRAPH ENDFIB
totalRIbsize: 137985
totla bestpath nodes: 374996
totla bestpath tcost: 198147303

Testing on Transit seed 3
numpathcap: 10
123456789101112131415161718192021222324252627282930313233343536373839404142434445464748495051525354555657585960616263646566676869707172737475767778798081828384858687888990919293949596979899100101102103104105106107108109110111112113114115116117118119120121122123124taking longer than: 30stopping this run
removing rib and fib entries for : 471
125126127128129130131132133134135136137138139140141142143144145146147148149150151152153154155156157158159160161162163164165RIB GRAPH 0.2 53948.3 ENDGRAPH ENDRIB
FIB GRAPH 0.2 28971.787 ENDGRAPH ENDFIB
totalRIbsize: 135031
totla bestpath nodes: 368401
totla bestpath tcost: 196106922

Testing on Transit seed 4
numpathcap: 10
12345678910111213141516171819202122232425262728293031323334353637383940414243444546474849505152535455565758596061626364656667taking longer than: 30stopping this run
removing rib and fib entries for : 410
6869707172737475767778798081828384858687888990919293949596979899100101102103104105106107108109110111112113114115116117118119120121122123124125126127128129130131132133134135136137138139140141142143144145146147148149150151152153154155156157158159160161162163164165RIB GRAPH 0.2 51808.504 ENDGRAPH ENDRIB
FIB GRAPH 0.2 28748.518 ENDGRAPH ENDFIB
totalRIbsize: 128525
totla bestpath nodes: 374842
totla bestpath tcost: 199031931

Testing on Transit seed 5
numpathcap: 10
123456789101112131415161718192021222324252627282930313233343536373839404142434445464748495051525354555657585960616263646566676869707172737475767778798081828384858687888990919293949596979899100101102103104105106107108109110111112113114115116117118119120121122123124125126127128129130131132133134135136137138139140141142143144145146147148taking longer than: 30stopping this run
removing rib and fib entries for : 233
149150151152153154155156157158159160161162163164165RIB GRAPH 0.2 56022.54 ENDGRAPH ENDRIB
FIB GRAPH 0.2 29932.682 ENDGRAPH ENDFIB
totalRIbsize: 135913
totla bestpath nodes: 380190
totla bestpath tcost: 204797070

Testing on Transit seed 6
numpathcap: 10
1234567891011121314151617181920212223242526taking longer than: 30stopping this run
removing rib and fib entries for : 340
27282930313233343536373839404142434445464748495051525354555657585960616263646566676869707172737475767778798081828384858687888990919293949596979899100101102103104105106107108109110111112113114115116117118119120121122123124125126127128129130taking longer than: 30stopping this run
removing rib and fib entries for : 476
131132133134135136137138139140141142143144145146147148149150151152153154155156157158159160161162163164165RIB GRAPH 0.2 53656.613 ENDGRAPH ENDRIB
FIB GRAPH 0.2 29378.697 ENDGRAPH ENDFIB
totalRIbsize: 129141
totla bestpath nodes: 367301
totla bestpath tcost: 195321067

Testing on Transit seed 7
numpathcap: 10
123456789101112131415161718192021222324252627282930313233343536373839404142434445464748495051525354555657585960616263646566676869707172737475767778798081828384858687888990919293949596979899100101102103104105106107108109110111112113114115116117118119120121122123124125126127128129130131132133134135136137138139140141142143144145146147148149150151152153154155156157158159160161162163164165RIB GRAPH 0.2 56468.45 ENDGRAPH ENDRIB
FIB GRAPH 0.2 29574.285 ENDGRAPH ENDFIB
totalRIbsize: 139646
totla bestpath nodes: 364404
totla bestpath tcost: 191338033

Testing on Transit seed 8
numpathcap: 10
123456789101112131415161718192021222324252627282930313233343536373839404142434445464748495051525354555657585960616263646566676869707172737475767778798081828384858687888990919293949596979899100101102103104105106107108109110111112113114115116117118119120121122123124125126127128129130131132133134135136137138139140141142143144145146147148149150151152153154155156157158159160161162163164165RIB GRAPH 0.2 59111.4 ENDGRAPH ENDRIB
FIB GRAPH 0.2 31167.393 ENDGRAPH ENDFIB
totalRIbsize: 139365
totla bestpath nodes: 364078
totla bestpath tcost: 194578362

Testing on Transit seed 9
numpathcap: 10
123456789101112131415161718192021222324252627282930313233343536373839404142434445464748495051525354555657585960616263646566676869707172737475767778798081828384858687888990919293949596979899100101102103104105106107108109110111112113114115116117118119120121122123124125126127128129130131132133134135136137138139140141142143144145146147148149150151152153154155156157158159160161162163164165RIB GRAPH 0.2 55470.8 ENDGRAPH ENDRIB
FIB GRAPH 0.2 29315.602 ENDGRAPH ENDFIB
totalRIbsize: 139514
totla bestpath nodes: 369021
totla bestpath tcost: 193090627

Testing on Transit seed 10
numpathcap: 10
123456789101112131415161718192021taking longer than: 30stopping this run
removing rib and fib entries for : 330
222324252627282930313233343536373839404142434445464748495051525354555657585960616263646566676869707172737475767778798081828384858687888990919293949596979899100101102103104105106107108109110111112113114115116117118119120121122123124125126127128129130131132133134135136137138139140141142143144145146147148149150151152153154155156157158159160161162163164165RIB GRAPH 0.2 50402.914 ENDGRAPH ENDRIB
FIB GRAPH 0.2 27869.92 ENDGRAPH ENDFIB
totalRIbsize: 125966
totla bestpath nodes: 354144
totla bestpath tcost: 186532068

Testing for stub/transit percentage: 0.300000

Testing on Transit seed 1
numpathcap: 10
1234taking longer than: 30stopping this run
removing rib and fib entries for : 278
56789101112131415161718192021222324252627282930taking longer than: 30stopping this run
removing rib and fib entries for : 344
31323334353637383940414243444546474849505152535455565758596061626364656667686970717273747576777879808182taking longer than: 30stopping this run
removing rib and fib entries for : 429
8384858687888990919293949596979899100101102103104105106107108109110111112113114115116117118119120121122123124125126127128129130131132133134135136137138139140141142143144145146147148149150151152153154155156157158159160161162163164165RIB GRAPH 0.3 48498.83 ENDGRAPH ENDRIB
FIB GRAPH 0.3 27920.828 ENDGRAPH ENDFIB
totalRIbsize: 103077
totla bestpath nodes: 339013
totla bestpath tcost: 183444019

Testing on Transit seed 2
numpathcap: 10
123456789101112131415161718192021222324252627282930313233343536373839404142434445464748495051525354555657585960616263646566676869707172737475767778798081828384858687888990919293949596979899100101102103104105106107108109110111112113114115116117118119120121122123124125126127128129130131132133134135136137138139140141142143144145146147148149150151152153154155156157158159160161162163164165RIB GRAPH 0.3 58567.816 ENDGRAPH ENDRIB
FIB GRAPH 0.3 31016.523 ENDGRAPH ENDFIB
totalRIbsize: 120301
totla bestpath nodes: 339870
totla bestpath tcost: 186092785

Testing on Transit seed 3
numpathcap: 10
1234567891011121314151617181920212223242526272829taking longer than: 30stopping this run
removing rib and fib entries for : 343
30313233343536373839404142434445464748495051525354555657585960616263646566676869707172737475767778798081828384858687888990919293949596979899100101102103104105106107108109110111112113114115116117118119120121122123124125126127128129130131132133134135136137138139140141142143144145146147148149150151152153154155156157158159160161162163164165RIB GRAPH 0.3 52884.637 ENDGRAPH ENDRIB
FIB GRAPH 0.3 29101.695 ENDGRAPH ENDFIB
totalRIbsize: 111882
totla bestpath nodes: 329338
totla bestpath tcost: 178632919

Testing on Transit seed 4
numpathcap: 10
12345678910111213141516171819202122232425262728taking longer than: 30stopping this run
removing rib and fib entries for : 342
2930313233343536373839404142434445464748495051525354555657585960616263646566676869707172737475767778798081828384858687888990919293949596979899100101102103104105106107108109110111112113114115116117118119120121122123124125126127128129130131132133134135136137138139140141142143144145146147148149150151152153154155156157158159160161162163164165RIB GRAPH 0.3 55947.867 ENDGRAPH ENDRIB
FIB GRAPH 0.3 29772.994 ENDGRAPH ENDFIB
totalRIbsize: 118789
totla bestpath nodes: 343174
totla bestpath tcost: 185131136

Testing on Transit seed 5
numpathcap: 10
123456789101112131415161718192021222324252627282930313233343536373839404142434445464748495051525354555657585960616263646566676869707172737475767778798081828384858687888990919293949596979899100101102103104105106107108109110111112113114115116117118119120121122123124125126127128129130131132133134135136137138139140141142143144145146147148149150151152153154155156157158159160161162163164165RIB GRAPH 0.3 59911.44 ENDGRAPH ENDRIB
FIB GRAPH 0.3 31740.006 ENDGRAPH ENDFIB
totalRIbsize: 118649
totla bestpath nodes: 353149
totla bestpath tcost: 198898845

Testing on Transit seed 6
numpathcap: 10
123456789101112131415161718192021222324252627282930taking longer than: 30stopping this run
removing rib and fib entries for : 344
313233343536373839404142434445464748495051525354555657585960616263646566676869707172737475767778798081828384858687888990919293949596979899100101102103104105106107108109110111112113114115116117118119120121122123124125126127128129130131132133134135136137138139140141142143144145146147148149150151152153154155156157158159160161162163164165RIB GRAPH 0.3 55244.29 ENDGRAPH ENDRIB
FIB GRAPH 0.3 30180.94 ENDGRAPH ENDFIB
totalRIbsize: 115219
totla bestpath nodes: 340938
totla bestpath tcost: 186999420

Testing on Transit seed 7
numpathcap: 10
1234567891011121314151617181920212223242526272829303132333435363738394041424344taking longer than: 30stopping this run
removing rib and fib entries for : 372
45464748495051525354555657585960616263646566676869707172737475767778798081828384858687888990919293949596979899100101102103104105106107108109110111112113114115116117118taking longer than: 30stopping this run
removing rib and fib entries for : 209
119120121122123124125126127128129130131132133134135136137138139140141142143144145146147148149150151152153154155156157158159160161162163164165RIB GRAPH 0.3 54908.65 ENDGRAPH ENDRIB
FIB GRAPH 0.3 29522.393 ENDGRAPH ENDFIB
totalRIbsize: 114284
totla bestpath nodes: 326471
totla bestpath tcost: 176476147

Testing on Transit seed 8
numpathcap: 10
123456taking longer than: 30stopping this run
removing rib and fib entries for : 282
789101112131415161718192021222324252627282930313233343536373839404142434445464748495051525354555657585960616263646566676869707172737475767778798081828384858687888990919293949596979899100101102103104105106107108109110111112113114taking longer than: 30stopping this run
removing rib and fib entries for : 462
115116117118119120121122123124125126127128129130131132133134135136137138139140141142143144145146147148149150151152153154155156157158159160161162163164165RIB GRAPH 0.3 53175.613 ENDGRAPH ENDRIB
FIB GRAPH 0.3 29978.455 ENDGRAPH ENDFIB
totalRIbsize: 109796
totla bestpath nodes: 334672
totla bestpath tcost: 183043788

Testing on Transit seed 9
numpathcap: 10
123456789101112131415161718192021222324252627282930313233343536taking longer than: 30stopping this run
removing rib and fib entries for : 353
373839404142434445464748495051525354555657585960616263646566676869707172737475767778798081828384858687888990919293949596979899100101102103104105106107108109110111112113114115116117118119120121122123124125126127128129130131132133134135136137138139140141142143144145146147148149150151152153154155156157158159160161162163164165RIB GRAPH 0.3 49968.195 ENDGRAPH ENDRIB
FIB GRAPH 0.3 28690.23 ENDGRAPH ENDFIB
totalRIbsize: 103989
totla bestpath nodes: 335462
totla bestpath tcost: 179510536

Testing on Transit seed 10
numpathcap: 10
123456789101112131415161718192021222324252627282930313233343536373839404142434445464748495051525354555657585960616263646566676869707172737475767778798081828384858687888990919293949596979899100101102103104105106107108109110111112113114115116117118119120121122123124125126127128129130131132133134135136137138139140141142143144145146147148149150151152153154155156157158159160161162163164165RIB GRAPH 0.3 57136.074 ENDGRAPH ENDRIB
FIB GRAPH 0.3 29991.176 ENDGRAPH ENDFIB
totalRIbsize: 121641
totla bestpath nodes: 323912
totla bestpath tcost: 172508238

Testing for stub/transit percentage: 0.400000

Testing on Transit seed 1
numpathcap: 10
123456789101112131415161718192021222324252627282930taking longer than: 30stopping this run
removing rib and fib entries for : 344
31taking longer than: 30stopping this run
removing rib and fib entries for : 345
3233343536373839404142434445464748495051525354555657585960616263646566676869707172737475767778798081828384858687888990919293949596979899100101102103104105106107108109110111112113114115116117118119120121122123124125126127128129130131132133134135136137138139140141142143144145146147148149150151152153154155156157158159160161162163164165RIB GRAPH 0.4 61124.28 ENDGRAPH ENDRIB
FIB GRAPH 0.4 33691.65 ENDGRAPH ENDFIB
totalRIbsize: 92679
totla bestpath nodes: 311735
totla bestpath tcost: 183953673

Testing on Transit seed 2
numpathcap: 10
12345678910111213141516171819202122232425262728293031323334353637taking longer than: 30stopping this run
removing rib and fib entries for : 358
3839404142434445464748495051525354555657585960616263646566676869707172737475767778798081828384858687888990919293949596979899100101102103104105106107108109110111112113114115116117118119120121122123124125126127128129130131132133134135136137138139140141142143144145146147148149150151152153154155156157158159160161162163164165RIB GRAPH 0.4 60773.66 ENDGRAPH ENDRIB
FIB GRAPH 0.4 32342.637 ENDGRAPH ENDFIB
totalRIbsize: 99910
totla bestpath nodes: 299941
totla bestpath tcost: 169553971

Testing on Transit seed 3
numpathcap: 10
1234567891011121314151617181920212223242526272829303132333435363738394041424344454647484950515253taking longer than: 30stopping this run
removing rib and fib entries for : 391
54555657585960616263646566676869707172737475767778798081828384858687888990919293949596979899100101102103104105106107108109110111112113114115116117118119120121122123124125126127128129130131132133134135136137138139140141142143144145146147148149150151152153154155156157158159160161162163taking longer than: 30stopping this run
removing rib and fib entries for : 244
164165RIB GRAPH 0.4 54871.1 ENDGRAPH ENDRIB
FIB GRAPH 0.4 29292.623 ENDGRAPH ENDFIB
totalRIbsize: 98454
totla bestpath nodes: 280321
totla bestpath tcost: 153060239

Testing on Transit seed 4
numpathcap: 10
12345678910111213141516171819202122232425262728293031323334353637383940taking longer than: 30stopping this run
removing rib and fib entries for : 362
4142434445464748495051525354555657585960616263646566676869707172737475767778798081828384858687888990919293949596979899100101102103104105106107108109110111112113114115116117118119120121122123124125126127128129taking longer than: 30stopping this run
removing rib and fib entries for : 475
130131132133134135136137138139140141142143144145146147148149150151152153154155156157158159160161162163164165RIB GRAPH 0.4 54548.13 ENDGRAPH ENDRIB
FIB GRAPH 0.4 30914.28 ENDGRAPH ENDFIB
totalRIbsize: 89172
totla bestpath nodes: 309175
totla bestpath tcost: 178059649

Testing on Transit seed 5
numpathcap: 10
123456789101112131415161718192021222324252627282930313233343536373839404142434445464748495051525354555657585960616263646566676869707172737475767778798081828384858687888990919293949596979899100101102103104105106107108109110111112113114115116117118119120121122123124125126127128129130131132133134135136137138139140141142143144145146147148149150151152153154155156157158159160161162163164165RIB GRAPH 0.4 64464.51 ENDGRAPH ENDRIB
FIB GRAPH 0.4 34070.156 ENDGRAPH ENDFIB
totalRIbsize: 99950
totla bestpath nodes: 316590
totla bestpath tcost: 188622505

Testing on Transit seed 6
numpathcap: 10
123456789101112131415161718192021222324252627282930313233343536373839404142434445464748495051525354555657585960616263646566676869707172737475767778798081828384858687888990919293949596979899100101102103104105106107108109110111112113114115116117118119120121122123124125126127128129130131132taking longer than: 30stopping this run
removing rib and fib entries for : 478
133134135136137138139140141142143144145146147148149150151152153154155156157158159160161162163164165RIB GRAPH 0.4 58518.688 ENDGRAPH ENDRIB
FIB GRAPH 0.4 31328.518 ENDGRAPH ENDFIB
totalRIbsize: 99779
totla bestpath nodes: 310448
totla bestpath tcost: 179429968

Testing on Transit seed 7
numpathcap: 10
123456789101112131415161718192021222324taking longer than: 30stopping this run
removing rib and fib entries for : 335
252627282930313233343536373839404142434445464748495051525354555657585960616263646566676869707172737475767778798081828384858687888990919293949596979899100101102103104105106107108109110111112113114115116117118119120121122123124125126127128129130131132133134135136137138139140141142143144145146147148149150151152153154155156157158159160161162163164165RIB GRAPH 0.4 59755.36 ENDGRAPH ENDRIB
FIB GRAPH 0.4 31939.053 ENDGRAPH ENDFIB
totalRIbsize: 100364
totla bestpath nodes: 284557
totla bestpath tcost: 159128720

Testing on Transit seed 8
numpathcap: 10
123456789101112131415161718192021222324252627282930313233343536373839404142434445464748495051525354555657585960616263646566676869707172737475767778798081828384858687888990919293949596979899100101102103104105106107108109110111112113114115116117118119120121122123124125126127128129130131132133134135136137138139140141142143144145146147taking longer than: 30stopping this run
removing rib and fib entries for : 488
148149150151152153154155156157158159160161162163164165RIB GRAPH 0.4 59341.16 ENDGRAPH ENDRIB
FIB GRAPH 0.4 32044.066 ENDGRAPH ENDFIB
totalRIbsize: 99402
totla bestpath nodes: 286663
totla bestpath tcost: 159663002

Testing on Transit seed 9
numpathcap: 10
123456789101112131415161718192021222324252627282930313233343536373839404142434445464748495051525354555657585960616263646566676869707172737475767778798081828384858687888990919293949596979899100101102103104105106107108109110111112113114115116117118119120121122123124125126127128129130131132133134135136137138139140141142143144145146147148149150151152153154155156157158159160161162163164165RIB GRAPH 0.4 59923.113 ENDGRAPH ENDRIB
FIB GRAPH 0.4 31843.053 ENDGRAPH ENDFIB
totalRIbsize: 101598
totla bestpath nodes: 313960
totla bestpath tcost: 178451177

Testing on Transit seed 10
numpathcap: 10
123456789101112131415161718192021222324252627282930313233343536373839404142434445464748495051525354555657585960616263646566676869707172737475767778798081828384858687888990919293949596979899100101102103104105106107108109110111112113114115116117118119120121122123124125126127128taking longer than: 30stopping this run
removing rib and fib entries for : 219
129130131132133134135136137138139140141142143144145146147148149150151152153154155156157158159160161162163164165RIB GRAPH 0.4 56617.1 ENDGRAPH ENDRIB
FIB GRAPH 0.4 30558.594 ENDGRAPH ENDFIB
totalRIbsize: 99744
totla bestpath nodes: 282163
totla bestpath tcost: 155550943

Testing for stub/transit percentage: 0.500000

Testing on Transit seed 1
numpathcap: 10
12345678910111213141516taking longer than: 30stopping this run
removing rib and fib entries for : 323
1718192021222324252627282930313233343536373839404142434445464748495051525354555657585960taking longer than: 30stopping this run
removing rib and fib entries for : 400
616263646566676869707172737475767778798081828384858687888990919293949596979899100101102103104105106107108109110111112113114115116117118119120121122123124125126127128129130131132133134135136137138139140141142143144145146147148149150151152153154155156157158159160161162163164165RIB GRAPH 0.5 62668.23 ENDGRAPH ENDRIB
FIB GRAPH 0.5 34587.445 ENDGRAPH ENDFIB
totalRIbsize: 77646
totla bestpath nodes: 274376
totla bestpath tcost: 165575487

Testing on Transit seed 2
numpathcap: 10
123456789101112131415161718192021222324252627282930313233343536373839404142434445464748495051525354555657585960616263646566676869707172737475767778798081828384858687888990919293949596979899100101102103104105106107108109110111112113114115116117118119120121122123124125126127128129130131132133134135136137138139140141142143144145146147148149150151152153154155156157158159160161162163164165RIB GRAPH 0.5 66629.51 ENDGRAPH ENDRIB
FIB GRAPH 0.5 34634.01 ENDGRAPH ENDFIB
totalRIbsize: 85055
totla bestpath nodes: 254246
totla bestpath tcost: 149043526

Testing on Transit seed 3
numpathcap: 10
123456789101112131415161718192021222324252627282930313233343536373839404142434445464748495051525354555657585960616263646566676869707172737475767778798081828384858687888990919293949596979899100101102103104105taking longer than: 30stopping this run
removing rib and fib entries for : 455
106107108109110111112113114115116117118119120121122123124125126127128129130131132133134135136137138139140141142143144145146147148149150151152153154155156157158159160161162163164165RIB GRAPH 0.5 60202.35 ENDGRAPH ENDRIB
FIB GRAPH 0.5 31012.072 ENDGRAPH ENDFIB
totalRIbsize: 85247
totla bestpath nodes: 240713
totla bestpath tcost: 133471733

Testing on Transit seed 4
numpathcap: 10
123456789101112131415161718192021222324252627282930313233343536373839404142434445464748495051525354555657585960616263646566676869707172737475767778798081828384858687888990919293949596979899100101102103104105106107108109110111112113114115116117118119120121122123124125126127128129130131132133134135136137138139140141142143144145146147148149150151152153154155156157158159160161162163164165RIB GRAPH 0.5 68791.19 ENDGRAPH ENDRIB
FIB GRAPH 0.5 36358.78 ENDGRAPH ENDFIB
totalRIbsize: 84534
totla bestpath nodes: 265127
totla bestpath tcost: 159548341

Testing on Transit seed 5
numpathcap: 10
123456789101112131415161718192021222324252627282930313233343536373839404142434445464748495051525354555657585960616263646566676869707172737475767778798081828384858687888990919293949596979899100101102103104105106107108109110111112113114115116117118119120121122123124125126127128129130131132133134135136137138139140141142143144145146147148149150151152153154155156157158159160161162163164165RIB GRAPH 0.5 72416.19 ENDGRAPH ENDRIB
FIB GRAPH 0.5 37786.527 ENDGRAPH ENDFIB
totalRIbsize: 83621
totla bestpath nodes: 265864
totla bestpath tcost: 164720766

Testing on Transit seed 6
numpathcap: 10
123456789101112131415161718192021222324252627282930313233343536373839404142434445464748495051525354555657585960616263646566676869707172737475767778798081828384858687888990919293949596979899100101102103104105106107108109110111112113114115116117118119120121122123124125126127128129130131132133134135136137138139140141142143144145146147148149150151152153154155156157158159160161162163164165RIB GRAPH 0.5 62411.375 ENDGRAPH ENDRIB
FIB GRAPH 0.5 33396.25 ENDGRAPH ENDFIB
totalRIbsize: 84209
totla bestpath nodes: 268226
totla bestpath tcost: 158700663

Testing on Transit seed 7
numpathcap: 10
12345678910111213141516171819202122232425262728293031323334353637383940414243444546474849taking longer than: 30stopping this run
removing rib and fib entries for : 386
5051525354555657585960616263646566676869707172737475767778798081828384858687888990919293949596979899100101102103104105106107108109110111112113114115116117118119120121122123124125126127128129130131132133134135136137138139140141142143144145146147148149150151152153154155156157158159160161162163164165RIB GRAPH 0.5 57404.484 ENDGRAPH ENDRIB
FIB GRAPH 0.5 31546.973 ENDGRAPH ENDFIB
totalRIbsize: 80273
totla bestpath nodes: 239885
totla bestpath tcost: 135548648

Testing on Transit seed 8
numpathcap: 10
12345678910111213141516171819202122232425262728293031323334taking longer than: 30stopping this run
removing rib and fib entries for : 348
3536373839404142434445464748495051525354555657585960616263646566676869707172737475767778798081828384858687888990919293949596979899100101102103104105106107108109110111112113114115116117118119120121122123124125126127128129130131taking longer than: 30stopping this run
removing rib and fib entries for : 477
132133134135136137138139140141142143144145146147148149150151152153154155156157158159160161162163164165RIB GRAPH 0.5 61119.08 ENDGRAPH ENDRIB
FIB GRAPH 0.5 33046.09 ENDGRAPH ENDFIB
totalRIbsize: 79562
totla bestpath nodes: 248903
totla bestpath tcost: 142884464

Testing on Transit seed 9
numpathcap: 10
123456789101112131415161718192021222324252627282930313233343536373839404142434445464748495051525354555657585960616263646566676869707172737475767778798081828384858687888990919293949596979899100101102103104105106107108109110111112113114115116117118119120121122123124125126127128129130131132133134135136137138139140141142143144145146147148149150151152153154155156157158159160161162163164165RIB GRAPH 0.5 65146.51 ENDGRAPH ENDRIB
FIB GRAPH 0.5 34522.043 ENDGRAPH ENDFIB
totalRIbsize: 83883
totla bestpath nodes: 268678
totla bestpath tcost: 158812748

Testing on Transit seed 10
numpathcap: 10
123456789101112131415161718192021222324252627282930313233343536373839404142434445464748495051525354555657585960616263646566676869707172737475767778798081828384858687888990919293949596979899100101102103104105106107108109110111112113114115116117118119120121122123124125126127128129130131132133134135136137138139140141142143144145146147148149150151152153154155156157158159160161162163164165RIB GRAPH 0.5 61541.652 ENDGRAPH ENDRIB
FIB GRAPH 0.5 32125.21 ENDGRAPH ENDFIB
totalRIbsize: 85313
totla bestpath nodes: 242064
totla bestpath tcost: 136312984

Testing for stub/transit percentage: 0.600000

Testing on Transit seed 1
numpathcap: 10
123456taking longer than: 30stopping this run
removing rib and fib entries for : 282
789101112131415161718192021222324taking longer than: 30stopping this run
removing rib and fib entries for : 335
252627282930313233343536373839404142434445464748495051525354555657585960616263646566676869707172737475767778798081828384858687888990919293949596979899100101102103104105106107108109110111112113114115116117118119120121122123124125126127128129130131132133134135136137138139140141142143144145146147148149150151152153154155156157158159160161162163164165RIB GRAPH 0.6 70809.414 ENDGRAPH ENDRIB
FIB GRAPH 0.6 38197.55 ENDGRAPH ENDFIB
totalRIbsize: 62572
totla bestpath nodes: 210690
totla bestpath tcost: 129784208

Testing on Transit seed 2
numpathcap: 10
12345678910111213141516171819202122232425262728293031323334353637taking longer than: 30stopping this run
removing rib and fib entries for : 358
3839404142434445464748495051525354555657585960616263646566676869707172taking longer than: 30stopping this run
removing rib and fib entries for : 417
737475767778798081828384858687888990919293949596979899100101102103104105106107108109110111112113114115116117118119120121122123124125126127128129130131132133134135136137138139140141142143144145146147148149150151152153154155156157158159160161162163164165RIB GRAPH 0.6 64080.297 ENDGRAPH ENDRIB
FIB GRAPH 0.6 34044.97 ENDGRAPH ENDFIB
totalRIbsize: 63502
totla bestpath nodes: 211844
totla bestpath tcost: 127119694

Testing on Transit seed 3
numpathcap: 10
12345678910111213141516171819202122232425262728293031323334taking longer than: 30stopping this run
removing rib and fib entries for : 348
3536373839404142434445464748495051525354555657585960616263646566676869707172737475767778798081828384858687888990919293949596979899100101102103104105106107108109110111112113114115116117118119120121122123124125126127128129130131132133134135136137138139140141142taking longer than: 30stopping this run
removing rib and fib entries for : 229
143144145146147148149150151152153154155156157158159160161162163164165RIB GRAPH 0.6 58426.41 ENDGRAPH ENDRIB
FIB GRAPH 0.6 32822.55 ENDGRAPH ENDFIB
totalRIbsize: 59620
totla bestpath nodes: 197950
totla bestpath tcost: 115320601

Testing on Transit seed 4
numpathcap: 10
123456789101112131415161718192021222324252627282930313233343536373839404142434445464748495051525354555657585960616263646566676869707172737475767778798081828384858687888990919293949596979899100101102103104105106107108109110111112113114115116117118119120121122123124125126127128129130131132133134135136137138139140141142143144145146147148149150151152153154155156157158159160161162163164165RIB GRAPH 0.6 73944.76 ENDGRAPH ENDRIB
FIB GRAPH 0.6 39066.54 ENDGRAPH ENDFIB
totalRIbsize: 67206
totla bestpath nodes: 218982
totla bestpath tcost: 136663161

Testing on Transit seed 5
numpathcap: 10
123456789101112131415161718192021222324252627282930313233343536373839404142434445464748495051525354555657585960616263646566676869707172737475767778798081828384858687888990919293949596979899100101102103104105106107108109110111112113114115116117118119120121122123124125126127128129130131132133134135136137138139140141142143144145146147148149taking longer than: 30stopping this run
removing rib and fib entries for : 489
150151152153154155156157158159160161162163164165RIB GRAPH 0.6 75182.06 ENDGRAPH ENDRIB
FIB GRAPH 0.6 39234.25 ENDGRAPH ENDFIB
totalRIbsize: 65971
totla bestpath nodes: 214288
totla bestpath tcost: 135742962

Testing on Transit seed 6
numpathcap: 10
1234567taking longer than: 30stopping this run
removing rib and fib entries for : 291
891011121314151617181920212223242526272829taking longer than: 30stopping this run
removing rib and fib entries for : 343
30313233343536373839404142434445464748495051525354555657585960616263646566676869707172737475767778798081828384858687888990919293949596979899100101102103104105106107108109110111112113114115116117118119120121122123124125126127128129130131132133134135136137138139140141142143144145146147148149150151152153154155156157158159160161162163164165RIB GRAPH 0.6 59255.875 ENDGRAPH ENDRIB
FIB GRAPH 0.6 33875.42 ENDGRAPH ENDFIB
totalRIbsize: 58144
totla bestpath nodes: 201890
totla bestpath tcost: 120383715

Testing on Transit seed 7
numpathcap: 10
123456789101112131415161718192021222324252627282930313233343536373839404142434445464748495051525354555657585960616263646566676869707172737475taking longer than: 30stopping this run
removing rib and fib entries for : 420
767778798081828384858687888990919293949596979899100101102103104105106107108109110111112113114115116117118119120121122123124125126127128129130131132133134135136137138taking longer than: 30stopping this run
removing rib and fib entries for : 227
139140141142143144145146147148149150151152153154155156157158159160161162163164165RIB GRAPH 0.6 60097.58 ENDGRAPH ENDRIB
FIB GRAPH 0.6 32574.035 ENDGRAPH ENDFIB
totalRIbsize: 64214
totla bestpath nodes: 189862
totla bestpath tcost: 109354817

Testing on Transit seed 8
numpathcap: 10
123456789101112131415161718192021222324252627282930313233343536373839404142434445464748495051525354555657585960616263646566676869707172737475767778798081828384858687888990919293949596979899100101102103104105106107108109110111112113114115116117118119120121122123124125126127128129130131132133134135136137138139140141142143144145146147148149150taking longer than: 30stopping this run
removing rib and fib entries for : 490
151152153154155156157158159160161162163164165RIB GRAPH 0.6 66651.5 ENDGRAPH ENDRIB
FIB GRAPH 0.6 35231.29 ENDGRAPH ENDFIB
totalRIbsize: 65987
totla bestpath nodes: 204303
totla bestpath tcost: 120816763

Testing on Transit seed 9
numpathcap: 10
123456789101112131415161718192021222324252627282930313233343536373839404142434445464748495051525354555657585960616263646566676869707172737475767778798081828384858687888990919293949596979899100101102103104105106107108109110111112113114115116117118119120121122123124125126127128129130131132133134135136137138139140141142143144145146147148149150151152153154155156157158159160161162163164165RIB GRAPH 0.6 70110.6 ENDGRAPH ENDRIB
FIB GRAPH 0.6 36415.63 ENDGRAPH ENDFIB
totalRIbsize: 66915
totla bestpath nodes: 211643
totla bestpath tcost: 128622406

Testing on Transit seed 10
numpathcap: 10
123456789101112131415161718192021222324252627282930313233343536373839404142434445464748495051525354555657585960616263646566676869707172737475767778798081828384858687888990919293949596979899100101102103104105106107108109110111112113114115116117118119120121122123124125126127128129130131132133134135136137138139140141142143144145146147148149150151152153154155156157158159160161162163164165RIB GRAPH 0.6 69555.22 ENDGRAPH ENDRIB
FIB GRAPH 0.6 35353.03 ENDGRAPH ENDFIB
totalRIbsize: 67300
totla bestpath nodes: 201597
totla bestpath tcost: 118348718

Testing for stub/transit percentage: 0.700000

Testing on Transit seed 1
numpathcap: 10
1234567891011121314151617181920212223242526272829303132333435taking longer than: 30stopping this run
removing rib and fib entries for : 350
36373839404142434445464748495051525354555657585960616263646566676869707172737475767778798081828384858687888990919293949596979899100101102103104105106107108109110111112113114taking longer than: 30stopping this run
removing rib and fib entries for : 462
115116117118119120121122123124125126127128129130131132133134135136137138139140141142143144145146147148149150151152153154155156157158159160161162163164165RIB GRAPH 0.7 65841.11 ENDGRAPH ENDRIB
FIB GRAPH 0.7 37562.836 ENDGRAPH ENDFIB
totalRIbsize: 41827
totla bestpath nodes: 153322
totla bestpath tcost: 96014769

Testing on Transit seed 2
numpathcap: 10
123456789101112131415161718192021222324252627282930313233343536373839404142434445464748495051525354555657585960616263646566676869707172737475767778798081828384858687888990919293949596979899100101102103104105106107108109110111112113114115116117118119120121122123124125126127128129130131132133134135136137138139140141142143144145146147148149150151152153154155156157158159160161162163164165RIB GRAPH 0.7 75270.664 ENDGRAPH ENDRIB
FIB GRAPH 0.7 38308.707 ENDGRAPH ENDFIB
totalRIbsize: 50674
totla bestpath nodes: 160298
totla bestpath tcost: 99452783

Testing on Transit seed 3
numpathcap: 10
12345taking longer than: 30stopping this run
removing rib and fib entries for : 281
67891011121314151617181920212223242526272829303132taking longer than: 30stopping this run
removing rib and fib entries for : 346
33343536373839404142434445464748495051525354555657585960616263646566676869707172737475767778798081828384858687888990919293949596979899100101102103104105106107108109110111112113114115116117118119120121122123124125126127128129130131132133134135136137138139140141142143144145146147148149150151152153154155156157158159160161162163164165RIB GRAPH 0.7 64488.41 ENDGRAPH ENDRIB
FIB GRAPH 0.7 35764.504 ENDGRAPH ENDFIB
totalRIbsize: 45335
totla bestpath nodes: 156646
totla bestpath tcost: 95471488

Testing on Transit seed 4
numpathcap: 10
123456789101112131415161718192021222324252627282930313233343536373839404142434445464748495051525354555657585960616263646566676869707172737475767778798081828384858687888990919293949596979899100101102103104105106107108109110111112113114115116117118119120121122123124125126127128129130131132133134135136137138139140141142143144145146147148149150151152153154155156157158159160161162163164165RIB GRAPH 0.7 75848.88 ENDGRAPH ENDRIB
FIB GRAPH 0.7 40278.98 ENDGRAPH ENDFIB
totalRIbsize: 50783
totla bestpath nodes: 167211
totla bestpath tcost: 106220229

Testing on Transit seed 5
numpathcap: 10
123456789101112131415161718192021222324252627282930313233343536373839404142434445464748495051525354555657585960616263646566676869707172737475767778798081828384858687888990919293949596979899100101102103104105106107108109110111112113114115116117118119120121122123124125126127128129130131132133134135136137138139140141142143144145146147148149150151152153154155156157158159160161162163164165RIB GRAPH 0.7 83989.77 ENDGRAPH ENDRIB
FIB GRAPH 0.7 43673.875 ENDGRAPH ENDFIB
totalRIbsize: 50305
totla bestpath nodes: 165670
totla bestpath tcost: 108982097

Testing on Transit seed 6
numpathcap: 10
1234567891011121314151617181920212223242526272829303132333435363738394041424344454647484950515253taking longer than: 30stopping this run
removing rib and fib entries for : 391
54555657585960616263646566676869707172737475767778798081828384858687888990919293949596979899100101102103104105106107108109110111112113114115116117118119120121122123124125126127128129130131132133134135136137138139140141142143144145146147148149150151152153154155156157158159160161162163164165RIB GRAPH 0.7 72020.42 ENDGRAPH ENDRIB
FIB GRAPH 0.7 37892.273 ENDGRAPH ENDFIB
totalRIbsize: 49557
totla bestpath nodes: 166999
totla bestpath tcost: 105003884

Testing on Transit seed 7
numpathcap: 10
123456789101112131415161718192021222324252627282930313233343536373839404142434445464748495051525354555657585960616263646566676869707172737475taking longer than: 30stopping this run
removing rib and fib entries for : 420
767778798081828384858687888990919293949596979899100101102103104105106107108109110111112113114115116117118119120121122123124125126127128129130131132133134135136137138taking longer than: 30stopping this run
removing rib and fib entries for : 227
139140141142143144145146147148149150151152153154155156157158159160161162163164165RIB GRAPH 0.7 65371.02 ENDGRAPH ENDRIB
FIB GRAPH 0.7 35620.35 ENDGRAPH ENDFIB
totalRIbsize: 48127
totla bestpath nodes: 146650
totla bestpath tcost: 87353314

Testing on Transit seed 8
numpathcap: 10
12345678910111213141516171819202122232425262728293031323334taking longer than: 30stopping this run
removing rib and fib entries for : 348
3536373839404142434445464748495051525354555657585960616263646566676869707172737475767778798081828384858687888990919293949596979899100101102103104105106107108109110111112113114115116117118119120121122123124125126127128129130131132133134135136137138139140141142143144145146147148149150151152153154155156157158159160161162163164165RIB GRAPH 0.7 66531.4 ENDGRAPH ENDRIB
FIB GRAPH 0.7 35452.63 ENDGRAPH ENDFIB
totalRIbsize: 49944
totla bestpath nodes: 159146
totla bestpath tcost: 95770935

Testing on Transit seed 9
numpathcap: 10
123456789101112131415161718192021222324252627282930313233343536373839404142434445464748495051525354555657585960616263646566676869707172737475767778798081828384858687888990919293949596979899100101102103104105106107108109110111112113114115116117118119120121122123124125126127128129130131132133134135136137138139140141142143144145146147148149150151152153154155156157158159160161162163164165RIB GRAPH 0.7 79583.37 ENDGRAPH ENDRIB
FIB GRAPH 0.7 40932.055 ENDGRAPH ENDFIB
totalRIbsize: 50387
totla bestpath nodes: 166972
totla bestpath tcost: 107145340

Testing on Transit seed 10
numpathcap: 10
123456789101112131415161718192021222324252627282930313233343536373839404142434445464748495051525354555657585960616263646566676869707172737475767778798081828384858687888990919293949596979899100101102103104105106107108109110111112113114115116117118119120121122123124125126127128129130131132133134135136137138139140141142143144145146147148149150151152153154155156157158159160161162163164165RIB GRAPH 0.7 74829.445 ENDGRAPH ENDRIB
FIB GRAPH 0.7 37364.86 ENDGRAPH ENDFIB
totalRIbsize: 50881
totla bestpath nodes: 155671
totla bestpath tcost: 94008869

Testing for stub/transit percentage: 0.800000

Testing on Transit seed 1
numpathcap: 10
12345678910111213141516171819202122232425262728293031323334353637383940414243444546474849505152535455565758596061626364656667686970taking longer than: 30stopping this run
removing rib and fib entries for : 415
7172737475767778798081828384858687888990919293949596979899100101102103104105106107108109110111112113114115116117118119120121122123124125126127128129130131132133134135136137138139140141142143144145146147148149150151152153154155156157158159160161162163164165RIB GRAPH 0.8 84823.2 ENDGRAPH ENDRIB
FIB GRAPH 0.8 45343.99 ENDGRAPH ENDFIB
totalRIbsize: 31772
totla bestpath nodes: 113761
totla bestpath tcost: 75329956

Testing on Transit seed 2
numpathcap: 10
123456789101112131415161718192021222324252627282930313233343536373839404142434445464748495051525354555657585960616263646566676869707172737475767778798081828384858687888990919293949596979899100101102103104105106107108109110111112113114115116117118119120121122123124125126127128129130131132133134135136137138139140141142143144145146147148149150151152153154155156157158159160161162163164165RIB GRAPH 0.8 80198.38 ENDGRAPH ENDRIB
FIB GRAPH 0.8 41081.86 ENDGRAPH ENDFIB
totalRIbsize: 33814
totla bestpath nodes: 109777
totla bestpath tcost: 69898867

Testing on Transit seed 3
numpathcap: 10
123456taking longer than: 30stopping this run
removing rib and fib entries for : 282
789101112131415161718192021222324252627282930313233343536373839404142434445464748495051525354555657585960616263646566676869707172737475767778798081828384858687888990919293949596979899100101102103104105106107108109110111112113114115116117118119120121122123124125126127128129130131132133134135136137138139140141142143144145146147148149150151152153154155156157158159160161162163164165RIB GRAPH 0.8 82088.13 ENDGRAPH ENDRIB
FIB GRAPH 0.8 42362.18 ENDGRAPH ENDFIB
totalRIbsize: 32448
totla bestpath nodes: 109537
totla bestpath tcost: 70976446

Testing on Transit seed 4
numpathcap: 10
123456789101112131415161718192021222324252627282930313233343536373839404142434445464748495051525354555657585960616263646566676869707172737475767778798081828384858687888990919293949596979899100101102103104105106107108109110111112113114115116117118119120121122123124125126127128129130131132133134135136137138139140141142143144145146147148149150151152153154155156157158159160161162163164165RIB GRAPH 0.8 86061.61 ENDGRAPH ENDRIB
FIB GRAPH 0.8 44279.13 ENDGRAPH ENDFIB
totalRIbsize: 33470
totla bestpath nodes: 115017
totla bestpath tcost: 76829545

Testing on Transit seed 5
numpathcap: 10
123456789101112131415161718192021222324252627282930313233343536373839404142434445464748495051525354555657585960616263646566676869707172737475767778798081828384858687888990919293949596979899100101102103104105106107108109110111112113114115116117118119120121122123124125126127128129130131132133134135136137138139140141142143144145146147148149150151152153154155156157158159160161162163164165RIB GRAPH 0.8 94180.7 ENDGRAPH ENDRIB
FIB GRAPH 0.8 47322.71 ENDGRAPH ENDFIB
totalRIbsize: 33454
totla bestpath nodes: 111420
totla bestpath tcost: 74929708

Testing on Transit seed 6
numpathcap: 10
12345678910111213141516taking longer than: 30stopping this run
removing rib and fib entries for : 323
17181920212223242526272829303132333435363738394041424344454647484950515253545556575859606162636465666768697071727374taking longer than: 30stopping this run
removing rib and fib entries for : 164
75767778798081828384858687888990919293949596979899100101102103104105106107108109110111112113114115116117118119120121122123124125126127128129130131132133134135136137138139140141142143144145146147148149150151152153154155156157158159160161162163164165RIB GRAPH 0.8 68946.42 ENDGRAPH ENDRIB
FIB GRAPH 0.8 40155.31 ENDGRAPH ENDFIB
totalRIbsize: 26271
totla bestpath nodes: 108773
totla bestpath tcost: 72238249

Testing on Transit seed 7
numpathcap: 10
123456789101112131415161718192021222324252627282930313233343536373839404142434445464748495051525354555657585960616263646566676869707172737475taking longer than: 30stopping this run
removing rib and fib entries for : 420
767778798081828384858687888990919293949596979899100101102103104105106107108109110111112113114115116117118119120121122123124125126127128129130131132133134135136137138taking longer than: 30stopping this run
removing rib and fib entries for : 227
139140141142143144145146147148149150151152153154155156157158159160161162163164165RIB GRAPH 0.8 75793.02 ENDGRAPH ENDRIB
FIB GRAPH 0.8 40091.05 ENDGRAPH ENDFIB
totalRIbsize: 32660
totla bestpath nodes: 102976
totla bestpath tcost: 64000572

Testing on Transit seed 8
numpathcap: 10
123456789101112131415161718192021222324252627282930313233343536373839404142434445464748495051525354555657585960616263646566676869707172737475767778798081828384858687888990919293949596979899100101102103104105106107108109110111112113114115116117118119120121122123124125126127128129130131132133134135136137138139140141142143144145146147148149150151152153154155156157158159160161162163164165RIB GRAPH 0.8 83285.15 ENDGRAPH ENDRIB
FIB GRAPH 0.8 42616.16 ENDGRAPH ENDFIB
totalRIbsize: 34009
totla bestpath nodes: 109354
totla bestpath tcost: 71315778

Testing on Transit seed 9
numpathcap: 10
123456789101112131415161718192021222324252627282930313233343536373839404142434445464748495051525354555657585960616263646566676869707172737475767778798081828384858687888990919293949596979899100101102103104105106107108109110111112113114115116117118119120121122123124125126127128129130131132133134135136137138139140141142143144145146147148149150151152153154155156157158159160161162163164165RIB GRAPH 0.8 86981.35 ENDGRAPH ENDRIB
FIB GRAPH 0.8 45008.83 ENDGRAPH ENDFIB
totalRIbsize: 33180
totla bestpath nodes: 114332
totla bestpath tcost: 75568188

Testing on Transit seed 10
numpathcap: 10
123456789101112131415161718192021222324252627282930313233343536373839404142434445464748495051525354555657585960616263646566676869707172737475767778798081828384858687888990919293949596979899100101102103104105106107108109110111112113114115116117118119120121122123124125126127128129130131132133134135136137138139140141142143144145146147148149150151152153154155156157158159160161162163164165RIB GRAPH 0.8 79888.8 ENDGRAPH ENDRIB
FIB GRAPH 0.8 39134.11 ENDGRAPH ENDFIB
totalRIbsize: 33859
totla bestpath nodes: 104176
totla bestpath tcost: 63737851

Testing for stub/transit percentage: 0.900000

Testing on Transit seed 1
numpathcap: 10
123456789101112131415161718192021222324252627282930313233343536373839404142434445464748495051525354555657585960616263646566676869707172737475767778798081828384858687888990919293949596979899100101102103104105106107108109110111112113114115116117118119120121122123124125126127128129130131132133134135136137138139140141142143144145146147148149150151152153154155156157158159160161162163164165RIB GRAPH 0.9 103802.0 ENDGRAPH ENDRIB
FIB GRAPH 0.9 52601.805 ENDGRAPH ENDFIB
totalRIbsize: 16983
totla bestpath nodes: 59242
totla bestpath tcost: 40756270

Testing on Transit seed 2
numpathcap: 10
123456789101112131415161718192021222324252627282930313233343536373839404142434445464748495051525354555657585960616263646566676869707172737475767778798081taking longer than: 30stopping this run
removing rib and fib entries for : 428
828384858687888990919293949596979899100101102103104105106107108109110111112113114115116117118119120121122123124125126127128129130131132133134135136137138139140141142143144145146147148149150151152153154155156157158159160161162163164165RIB GRAPH 0.9 100711.35 ENDGRAPH ENDRIB
FIB GRAPH 0.9 51632.06 ENDGRAPH ENDFIB
totalRIbsize: 16971
totla bestpath nodes: 57483
totla bestpath tcost: 39025893

Testing on Transit seed 3
numpathcap: 10
1234taking longer than: 30stopping this run
removing rib and fib entries for : 278
56789101112131415161718192021222324252627282930313233343536373839404142434445464748495051525354555657585960616263646566676869707172737475767778798081828384858687888990919293949596979899100101102103104105106107108109110111112113114115116117118119120121122123124125126127128129130131132133134135136137138139140141142143144145146147148149150151152153154155156157158159160161162163164165RIB GRAPH 0.9 92954.69 ENDGRAPH ENDRIB
FIB GRAPH 0.9 50663.06 ENDGRAPH ENDFIB
totalRIbsize: 16121
totla bestpath nodes: 59390
totla bestpath tcost: 41057778

Testing on Transit seed 4
numpathcap: 10
123456789101112131415161718192021222324252627282930313233343536373839404142434445464748495051525354555657585960616263646566676869707172737475767778798081828384858687888990919293949596979899100101102103104105106107108109110111112113114115116117118119120121122123124125126127128129130131132133134135136137138139140141142143144145146147148149150151152153154155156157158159160161162163164165RIB GRAPH 0.9 93709.414 ENDGRAPH ENDRIB
FIB GRAPH 0.9 46302.863 ENDGRAPH ENDFIB
totalRIbsize: 17219
totla bestpath nodes: 60331
totla bestpath tcost: 40827486

Testing on Transit seed 5
numpathcap: 10
123456789101112131415161718192021222324252627282930313233343536373839404142434445464748495051525354555657585960616263646566676869707172737475767778798081828384858687888990919293949596979899100101102103104105106107108109110111112113114115116117118119120121122123124125126127128129130131132133134135136137138139140141142143144145146147148149150151152153154155156157158159160161162163164165RIB GRAPH 0.9 103745.9 ENDGRAPH ENDRIB
FIB GRAPH 0.9 50039.65 ENDGRAPH ENDFIB
totalRIbsize: 17067
totla bestpath nodes: 60642
totla bestpath tcost: 41923814

Testing on Transit seed 6
numpathcap: 10
123456789101112131415161718192021222324252627282930313233343536373839404142434445464748495051525354555657585960616263646566676869707172737475767778798081828384858687888990919293949596979899100101102103104105106107108109110111112113114115116117118119120121122123124125126127128129130131132133134135136137138139140141142143144145146147148149150151152153154155156157158159160161162163164165RIB GRAPH 0.9 94642.414 ENDGRAPH ENDRIB
FIB GRAPH 0.9 49302.668 ENDGRAPH ENDFIB
totalRIbsize: 16899
totla bestpath nodes: 60328
totla bestpath tcost: 40806341

Testing on Transit seed 7
numpathcap: 10
123456789101112131415161718192021222324252627282930313233343536373839404142434445464748495051525354555657585960616263646566676869707172737475767778798081828384858687888990919293949596979899100101102103104105106107108109110111112113114115116117118119120121122123124125126127128129130131132133134135136137138taking longer than: 30stopping this run
removing rib and fib entries for : 227
139140141142143144145146147148149150151152153154155156157158159160161162163164165RIB GRAPH 0.9 100204.414 ENDGRAPH ENDRIB
FIB GRAPH 0.9 49693.883 ENDGRAPH ENDFIB
totalRIbsize: 17151
totla bestpath nodes: 53893
totla bestpath tcost: 35944499

Testing on Transit seed 8
numpathcap: 10
123456789101112131415161718192021222324252627282930313233343536373839404142434445464748495051525354555657585960616263646566676869707172737475767778798081828384858687888990919293949596979899100101102103104105106107108109110111112113114115116117118119120121122123124125126127128129130131132133134135136137138139140141142143144145146147148149150151152153154155156157158159160161162163164165RIB GRAPH 0.9 90948.625 ENDGRAPH ENDRIB
FIB GRAPH 0.9 47605.805 ENDGRAPH ENDFIB
totalRIbsize: 17249
totla bestpath nodes: 58583
totla bestpath tcost: 40120926

Testing on Transit seed 9
numpathcap: 10
123456789101112131415161718192021222324252627282930313233343536373839404142434445464748495051525354555657585960616263646566676869707172737475767778798081828384858687888990919293949596979899100101102103104105106107108109110111112113114115116117118119120121122123124125126127128129130131132133134135136137138139140141142143144145146147148149150151152153154155156157158159160161162163164165RIB GRAPH 0.9 106764.78 ENDGRAPH ENDRIB
FIB GRAPH 0.9 54459.59 ENDGRAPH ENDFIB
totalRIbsize: 16886
totla bestpath nodes: 62489
totla bestpath tcost: 44118498

Testing on Transit seed 10
numpathcap: 10
123456789101112131415161718192021222324252627282930313233343536373839404142434445464748495051525354555657585960616263646566676869707172737475767778798081828384858687888990919293949596979899100101102103104105106107108109110111112113114115116117118119120121122123124125126127128129130131132133134135136137138139140141142143144145146147148149150151152153154155156157158159160161162163164165RIB GRAPH 0.9 103407.06 ENDGRAPH ENDRIB
FIB GRAPH 0.9 51258.844 ENDGRAPH ENDFIB
totalRIbsize: 16970
totla bestpath nodes: 59790
totla bestpath tcost: 41261432
numpathcap: 10
123456789101112131415161718192021222324252627282930313233343536373839404142434445464748495051525354555657585960616263646566676869707172737475767778798081828384858687888990919293949596979899100101102103104105106107108109110111112113114115116117118119120121122123124125126127128129130131132133134135136137138139140141142143144145146147148149150151152153154155156157158159160161162163164165RIB GRAPH 1.0 NaN ENDGRAPH ENDRIB
FIB GRAPH 1.0 NaN ENDGRAPH ENDFIB
totalRIbsize: 0
totla bestpath nodes: 0
totla bestpath tcost: 0
