501 5 0 0 0 monitored at upgraded ASes, non-contiguous deploymentastypes.txt
LEGEND non-contiguous deployment, monitored at upgraded ASes ENDLEGEND\n
numpathcap: 10
123456789101112131415161718192021222324252627282930313233343536373839404142434445464748495051525354555657585960616263646566676869707172737475767778798081828384858687888990919293949596979899100101102103104105106107108109110111112113114115116117118119120121122123124125126127128129130131132133134135136137138139140141142143144145146147148149150151152153154155156157158159160161162163164165RIB GRAPH 0.0 985114.8 ENDGRAPH ENDRIB
FIB GRAPH 0.0 408127.62 ENDGRAPH ENDFIB
totalRIbsize: 175092
totla bestpath nodes: 446669
totla bestpath tcost: 204063814

Testing for stub/transit percentage: 0.100000

Testing on Transit seed 1
numpathcap: 10
123456789101112131415161718192021222324252627282930313233343536373839404142434445464748495051525354555657585960616263646566676869707172737475767778798081828384858687888990919293949596979899100101102103104105106107108109110111112113114115116117118119120121122123124125126127128129130131132133134135136137138139140141142143144145146147148149150151152153154155156157158159160161162163164165RIB GRAPH 0.1 1111961.2 ENDGRAPH ENDRIB
FIB GRAPH 0.1 516234.97 ENDGRAPH ENDFIB
totalRIbsize: 17198
totla bestpath nodes: 49183
totla bestpath tcost: 25295514

Testing on Transit seed 2
numpathcap: 10
123456789101112131415161718192021222324252627282930313233343536373839404142434445464748495051525354555657585960616263646566676869707172737475767778798081828384858687888990919293949596979899100101102103104105106107108109110111112113114115116117118119120121122123124125126127128129130131132133134135136137138139140141142143144145146147148149150151152153154155156157158159160161162163164165RIB GRAPH 0.1 1080399.1 ENDGRAPH ENDRIB
FIB GRAPH 0.1 468901.88 ENDGRAPH ENDFIB
totalRIbsize: 17845
totla bestpath nodes: 50836
totla bestpath tcost: 22976192

Testing on Transit seed 3
numpathcap: 10
123456789101112131415161718192021222324252627282930313233343536373839404142434445464748495051525354555657585960616263646566676869707172737475767778798081828384858687888990919293949596979899100101102103104105106107108109110111112113114115116117118119120121122123124125126127128129130131132133134135136137138139140141142143144145146147148149150151152153154155156157158159160161162163164165RIB GRAPH 0.1 866413.3 ENDGRAPH ENDRIB
FIB GRAPH 0.1 384017.3 ENDGRAPH ENDFIB
totalRIbsize: 16463
totla bestpath nodes: 47524
totla bestpath tcost: 18816847

Testing on Transit seed 4
numpathcap: 10
123456789101112131415161718192021222324252627282930313233343536373839404142434445464748495051525354555657585960616263646566676869707172737475767778798081828384858687888990919293949596979899100101102103104105106107108109110111112113114115116117118119120121122123124125126127128129130131132133134135136137138139140141142143144145146147148149150151152153154155156157158159160161162163164165RIB GRAPH 0.1 952583.7 ENDGRAPH ENDRIB
FIB GRAPH 0.1 430362.62 ENDGRAPH ENDFIB
totalRIbsize: 16651
totla bestpath nodes: 48431
totla bestpath tcost: 21087768

Testing on Transit seed 5
numpathcap: 10
123456789101112131415161718192021222324252627282930313233343536373839404142434445464748495051525354555657585960616263646566676869707172737475767778798081828384858687888990taking longer than: 30stopping this run
removing rib and fib entries for : 438
919293949596979899100101102103104105106107108109110111112113114115116117118119120121122123124125126127128129130131132133134135136137138139140141142143144145146147148149150151152153154155156157158159160161162163164165RIB GRAPH 0.1 1072238.4 ENDGRAPH ENDRIB
FIB GRAPH 0.1 456255.2 ENDGRAPH ENDFIB
totalRIbsize: 17548
totla bestpath nodes: 50749
totla bestpath tcost: 22356505

Testing on Transit seed 6
numpathcap: 10
123456789101112131415161718192021222324252627282930313233343536373839404142434445464748495051525354555657585960616263646566676869707172737475767778798081828384858687888990919293949596979899100101102103104105106107108109110111112113114115116117118119120121122123124125126127128129130131132133134135136137138139140141142143144145146147148149150151152153154155156157158159160161162163164165RIB GRAPH 0.1 1161992.4 ENDGRAPH ENDRIB
FIB GRAPH 0.1 531583.4 ENDGRAPH ENDFIB
totalRIbsize: 17968
totla bestpath nodes: 50976
totla bestpath tcost: 26047586

Testing on Transit seed 7
numpathcap: 10
123456789101112131415161718192021222324252627282930313233343536373839404142434445464748495051525354555657585960616263646566676869707172737475767778798081828384858687888990919293949596979899100101102103104105106107108109110111112113114115116117118119120121122123124125126127128129130131132133134135136137138139140141142143144145146147148149150151152153154155156157158159160161162163164165RIB GRAPH 0.1 1028901.0 ENDGRAPH ENDRIB
FIB GRAPH 0.1 455545.06 ENDGRAPH ENDFIB
totalRIbsize: 17272
totla bestpath nodes: 47643
totla bestpath tcost: 22321707

Testing on Transit seed 8
numpathcap: 10
123456789101112131415161718192021222324252627282930313233343536373839404142434445464748495051525354555657585960616263646566676869707172737475767778798081828384858687888990919293949596979899100101102103104105106107108109110111112113114115116117118119120121122123124125126127128129130131132133134135136137138139140141142143144145146147148149150151152153154155156157158159160161162163164165RIB GRAPH 0.1 1021016.8 ENDGRAPH ENDRIB
FIB GRAPH 0.1 460901.38 ENDGRAPH ENDFIB
totalRIbsize: 16641
totla bestpath nodes: 47484
totla bestpath tcost: 22584169

Testing on Transit seed 9
numpathcap: 10
123456789101112131415161718192021222324252627282930313233343536373839404142434445464748495051525354555657585960616263646566676869707172737475767778798081828384858687888990919293949596979899100101102103104105106107108109110111112113114115116117118119120121122123124125126127128129130131132133134135136137138139140141142143144145146147148149150151152153154155156157158159160161162163164165RIB GRAPH 0.1 974507.44 ENDGRAPH ENDRIB
FIB GRAPH 0.1 456879.44 ENDGRAPH ENDFIB
totalRIbsize: 16428
totla bestpath nodes: 46813
totla bestpath tcost: 22387091

Testing on Transit seed 10
numpathcap: 10
123456789101112131415161718192021222324252627282930313233343536373839404142434445464748495051525354555657585960616263646566676869707172737475767778798081828384858687888990919293949596979899100101102103104105106107108109110111112113114115116117118119120121122123124125126127128129130131132133134135136137138139140141142143144145146147148149150151152153154155156157158159160161162163164165RIB GRAPH 0.1 915284.0 ENDGRAPH ENDRIB
FIB GRAPH 0.1 415448.56 ENDGRAPH ENDFIB
totalRIbsize: 16615
totla bestpath nodes: 48152
totla bestpath tcost: 20356979

Testing for stub/transit percentage: 0.200000

Testing on Transit seed 1
numpathcap: 10
123456789101112131415161718192021222324252627282930313233343536373839404142434445464748495051525354555657585960616263646566676869707172737475767778798081828384858687888990919293949596979899100101102103104105106107108109110111112113114115116117118119120121122123124125126127128129130131132133134135136137138139140141142143144145146147148149150151152153154155156157158159160161162163164165RIB GRAPH 0.2 1113033.6 ENDGRAPH ENDRIB
FIB GRAPH 0.2 481339.38 ENDGRAPH ENDFIB
totalRIbsize: 36187
totla bestpath nodes: 107619
totla bestpath tcost: 48133937

Testing on Transit seed 2
numpathcap: 10
123456789101112131415161718192021222324252627282930313233343536373839404142434445464748495051525354555657585960616263646566676869707172737475767778798081828384858687888990919293949596979899100101102103104105106107108109110111112113114115116117118119120121122123124125126127128129130131132133134135136137138139140141142143144145146147148149150151152153154155156157158159160161162163164165RIB GRAPH 0.2 1081113.8 ENDGRAPH ENDRIB
FIB GRAPH 0.2 470521.97 ENDGRAPH ENDFIB
totalRIbsize: 35901
totla bestpath nodes: 109344
totla bestpath tcost: 47052195

Testing on Transit seed 3
numpathcap: 10
123456789101112131415161718192021222324252627282930313233343536373839404142434445464748495051525354555657585960616263646566676869707172737475767778798081828384858687888990919293949596979899100101102103104105106107108109110111112113114115116117118119120121122123124125126127128129130131132133134135136137138139140141142143144145146147148149150151152153154155156157158159160161162163164165RIB GRAPH 0.2 989216.2 ENDGRAPH ENDRIB
FIB GRAPH 0.2 440564.2 ENDGRAPH ENDFIB
totalRIbsize: 34201
totla bestpath nodes: 104326
totla bestpath tcost: 44056421

Testing on Transit seed 4
numpathcap: 10
123456789101112131415161718192021222324252627282930313233343536373839404142434445464748495051525354555657585960616263646566676869707172737475767778798081828384858687888990919293949596979899100101102103104105106107108109110111112113114115116117118119120121122123124125126127128129130131132133134135136137138139140141142143144145146147148149150151152153154155156157158159160161162163164165RIB GRAPH 0.2 970005.75 ENDGRAPH ENDRIB
FIB GRAPH 0.2 435048.62 ENDGRAPH ENDFIB
totalRIbsize: 34833
totla bestpath nodes: 104120
totla bestpath tcost: 43504866

Testing on Transit seed 5
numpathcap: 10
123456789101112131415161718192021222324252627282930313233343536373839404142434445464748495051525354555657585960616263646566676869707172737475767778798081828384858687888990919293949596979899100101102103104105106107108109110111112113114115116117118119120121122123124125126127128129130131132133134135136137138139140141142143144145146147148149150151152153154155156157158159160161162163164165RIB GRAPH 0.2 989767.7 ENDGRAPH ENDRIB
FIB GRAPH 0.2 423843.38 ENDGRAPH ENDFIB
totalRIbsize: 35182
totla bestpath nodes: 107854
totla bestpath tcost: 42384337

Testing on Transit seed 6
numpathcap: 10
1234taking longer than: 30stopping this run
removing rib and fib entries for : 278
56789101112131415161718192021222324252627282930313233343536373839404142434445464748495051525354555657585960616263646566676869707172737475767778798081828384858687888990919293949596979899100101102103104105106107108109110111112113114115116117118119120121122123124125126127128129130131132133134135136137138139140141142143144145146147148149150151152153154155156157158159160161162163164165RIB GRAPH 0.2 967661.4 ENDGRAPH ENDRIB
FIB GRAPH 0.2 424357.9 ENDGRAPH ENDFIB
totalRIbsize: 34098
totla bestpath nodes: 105485
totla bestpath tcost: 42435792

Testing on Transit seed 7
numpathcap: 10
123456789101112131415161718192021222324252627282930313233343536373839404142434445464748495051525354555657585960616263646566676869707172737475767778798081828384858687888990919293949596979899100101102103104105106107108109110111112113114115116117118119120121122123124125126127128129130131132133134135136137138139140141142143144145146147148149150151152153154155156157158159160161162163164165RIB GRAPH 0.2 979552.4 ENDGRAPH ENDRIB
FIB GRAPH 0.2 429288.6 ENDGRAPH ENDFIB
totalRIbsize: 34756
totla bestpath nodes: 100531
totla bestpath tcost: 42928860

Testing on Transit seed 8
numpathcap: 10
123456789101112131415161718192021222324252627282930313233343536373839404142434445464748495051525354555657585960616263646566676869707172737475767778798081828384858687888990919293949596979899100101102103104105106107108109110111112113114115116117118119120121122123124125126127128129130131132133134135136137138139140141142143144145146147148149150151152153154155156157158159160161162163164165RIB GRAPH 0.2 1034897.94 ENDGRAPH ENDRIB
FIB GRAPH 0.2 481867.2 ENDGRAPH ENDFIB
totalRIbsize: 34017
totla bestpath nodes: 102475
totla bestpath tcost: 48186722

Testing on Transit seed 9
numpathcap: 10
123456789101112131415161718192021222324252627282930313233343536373839404142434445464748495051525354555657585960616263646566676869707172737475767778798081828384858687888990919293949596979899100101102103104105106107108109110111112113114115116117118119120121122123124125126127128129130131132133134135136137138139140141142143144145146147148149150151152153154155156157158159160161162163164165RIB GRAPH 0.2 1034450.94 ENDGRAPH ENDRIB
FIB GRAPH 0.2 471604.1 ENDGRAPH ENDFIB
totalRIbsize: 34652
totla bestpath nodes: 102507
totla bestpath tcost: 47160409

Testing on Transit seed 10
numpathcap: 10
123456789101112131415161718192021222324252627282930313233343536373839404142434445464748495051525354555657585960616263646566676869707172737475767778798081828384858687888990919293949596979899100101102103104105106107108109110111112113114115116117118119120121122123124125126127128129130131132133134135136137138139140141142143144145146147148149150151152153154155156taking longer than: 30stopping this run
removing rib and fib entries for : 494
157158159160161162163164165RIB GRAPH 0.2 924895.7 ENDGRAPH ENDRIB
FIB GRAPH 0.2 431434.8 ENDGRAPH ENDFIB
totalRIbsize: 33634
totla bestpath nodes: 102491
totla bestpath tcost: 43143481

Testing for stub/transit percentage: 0.300000

Testing on Transit seed 1
numpathcap: 10
123456789101112131415161718192021222324252627282930313233343536373839404142434445464748495051525354555657585960616263646566676869707172737475767778798081828384858687888990919293949596979899100101102103104105106107108109110111112113114115116117118119120121122123124125126127128129130131132133134135136137138139140141142143144145146147148149150151152153154155156157158159160161162163164165RIB GRAPH 0.3 1046704.1 ENDGRAPH ENDRIB
FIB GRAPH 0.3 430905.2 ENDGRAPH ENDFIB
totalRIbsize: 53890
totla bestpath nodes: 165521
totla bestpath tcost: 64204870

Testing on Transit seed 2
numpathcap: 10
123456789101112131415161718192021222324252627282930313233343536373839404142434445464748495051525354555657585960616263646566676869707172737475767778798081828384858687888990919293949596979899100101102103104105106107108109110111112113114115116117118119120121122123124125126127128129130131132133134135136137138139140141142143144145146147148149150151152153154155156157158159160161162163164165RIB GRAPH 0.3 1044967.2 ENDGRAPH ENDRIB
FIB GRAPH 0.3 442434.0 ENDGRAPH ENDFIB
totalRIbsize: 52774
totla bestpath nodes: 164103
totla bestpath tcost: 65922665

Testing on Transit seed 3
numpathcap: 10
123456789101112131415161718192021222324252627282930313233343536373839404142434445464748495051525354555657585960616263646566676869707172737475767778798081828384858687888990919293949596979899100101102103104105106107108109110111112113114115116117118119120121122123124125126127128129130131132133134135136137138139140141142143144145146147148149150151152153154155156157158159160161162163164165RIB GRAPH 0.3 968442.2 ENDGRAPH ENDRIB
FIB GRAPH 0.3 431045.47 ENDGRAPH ENDFIB
totalRIbsize: 50682
totla bestpath nodes: 157872
totla bestpath tcost: 64225775

Testing on Transit seed 4
numpathcap: 10
123456789101112131415161718192021222324252627282930313233343536373839404142434445464748495051525354555657585960616263646566676869707172737475767778798081828384858687888990919293949596979899100101102103104105106107108109110111112113114115116117118119120121122123124125126127128129130131132133134135136137138139140141142143144145146147148149150151152153154155156157158159160161162163164165RIB GRAPH 0.3 1040156.0 ENDGRAPH ENDRIB
FIB GRAPH 0.3 462512.53 ENDGRAPH ENDFIB
totalRIbsize: 52351
totla bestpath nodes: 166863
totla bestpath tcost: 68914368

Testing on Transit seed 5
numpathcap: 10
123456789101112131415161718192021222324252627282930313233343536373839404142434445464748495051525354555657585960616263646566676869707172737475767778798081828384858687888990919293949596979899100101102103104105106107108109110111112113114115116117118119120121122123124125126127128129130131132133134135136137138139140141142143144145146147148149150151152153154155156157158159160161162163164165RIB GRAPH 0.3 924156.0 ENDGRAPH ENDRIB
FIB GRAPH 0.3 377922.12 ENDGRAPH ENDFIB
totalRIbsize: 52845
totla bestpath nodes: 162645
totla bestpath tcost: 56310396

Testing on Transit seed 6
numpathcap: 10
123456789101112131415161718192021222324252627282930313233343536373839404142434445464748495051525354555657585960616263646566676869707172737475767778798081828384858687888990919293949596979899100101102103104105106107108109110111112113114115116117118119120121122123124125126127128129130131132133134135136137138139140141142143144145146147148149150151152153154155156157158159160161162163164165RIB GRAPH 0.3 957942.44 ENDGRAPH ENDRIB
FIB GRAPH 0.3 402565.53 ENDGRAPH ENDFIB
totalRIbsize: 53003
totla bestpath nodes: 160447
totla bestpath tcost: 59982266

Testing on Transit seed 7
numpathcap: 10
123456789101112131415161718192021222324252627282930313233343536373839404142434445464748495051525354555657585960616263646566676869707172737475767778798081828384858687888990919293949596979899100101102103104105106107108109110111112113114115116117118119120121122123124125126127128129130131132133134135136137138139140141142143144145146147148149150151152153154155156157158159160161162163164165RIB GRAPH 0.3 1011441.2 ENDGRAPH ENDRIB
FIB GRAPH 0.3 430888.12 ENDGRAPH ENDFIB
totalRIbsize: 52127
totla bestpath nodes: 158213
totla bestpath tcost: 64202331

Testing on Transit seed 8
numpathcap: 10
123456789101112131415161718192021222324252627282930313233343536373839404142434445464748495051525354555657585960616263646566676869707172737475767778798081828384858687888990919293949596979899100101102103104105106107108109110111112113114115116117118119120121122123124125126127128129130131132133134135136137138139140141142143144145146147148149150151152153154155156157158159160161162163164165RIB GRAPH 0.3 1067492.6 ENDGRAPH ENDRIB
FIB GRAPH 0.3 469192.75 ENDGRAPH ENDFIB
totalRIbsize: 52873
totla bestpath nodes: 161359
totla bestpath tcost: 69909723

Testing on Transit seed 9
numpathcap: 10
123456789101112131415161718192021222324252627282930313233343536373839404142434445464748495051525354555657585960616263646566676869707172737475767778798081828384858687888990919293949596979899100101102103104105106107108109110111112113114115116117118119120121122123124125126127128129130131132133134135136137138139140141142143144145146147148149150151152153154155156157158159160161162163164165RIB GRAPH 0.3 1012952.2 ENDGRAPH ENDRIB
FIB GRAPH 0.3 434703.03 ENDGRAPH ENDFIB
totalRIbsize: 52576
totla bestpath nodes: 162148
totla bestpath tcost: 64770752

Testing on Transit seed 10
numpathcap: 10
123456789101112131415161718192021222324252627282930313233343536373839404142434445464748495051525354555657585960616263646566676869707172737475767778798081828384858687888990919293949596979899100101102103104105106107108109110111112113114115116117118119120121122123124125126127128129130131132133134135136137138139140141142143144145146147148149150151152153154155156157158159160161162163164165RIB GRAPH 0.3 960069.9 ENDGRAPH ENDRIB
FIB GRAPH 0.3 436195.16 ENDGRAPH ENDFIB
totalRIbsize: 50932
totla bestpath nodes: 158417
totla bestpath tcost: 64993077

Testing for stub/transit percentage: 0.400000

Testing on Transit seed 1
numpathcap: 10
12345678910111213141516171819202122232425262728293031323334353637taking longer than: 30stopping this run
removing rib and fib entries for : 358
3839404142434445464748495051525354555657585960616263646566676869707172737475767778798081828384858687888990919293949596979899100101102103104105106107108109110111112113114115116117118119120121122123124125126127128129130131132133134135136137138139140141142143144145146147148149150151152153154155156157158159160161162163164165RIB GRAPH 0.4 904711.4 ENDGRAPH ENDRIB
FIB GRAPH 0.4 371232.8 ENDGRAPH ENDFIB
totalRIbsize: 69373
totla bestpath nodes: 230260
totla bestpath tcost: 74246563

Testing on Transit seed 2
numpathcap: 10
1234567891011121314151617181920212223242526272829303132333435363738394041taking longer than: 30stopping this run
removing rib and fib entries for : 367
42434445464748495051525354555657585960616263646566676869707172737475767778798081828384858687888990919293949596979899100101102103104105106107108109110111112113114115116117118119120121122123124125126127128129130131132133134135136137138139140141142143144145146147148149150151152153154155156157158159160161162163164165RIB GRAPH 0.4 834961.25 ENDGRAPH ENDRIB
FIB GRAPH 0.4 406170.03 ENDGRAPH ENDFIB
totalRIbsize: 57821
totla bestpath nodes: 214508
totla bestpath tcost: 81234011

Testing on Transit seed 3
numpathcap: 10
123456789101112131415161718192021222324252627282930313233343536373839404142434445464748495051525354555657585960616263646566676869707172737475767778798081828384858687888990919293949596979899100101102103104105106107108109110111112113114115116117118119120121122123124125126127128129130131132133134135136137138139140141142143144145146147148149150151152153154155156157158159160161162163164165RIB GRAPH 0.4 937041.5 ENDGRAPH ENDRIB
FIB GRAPH 0.4 409768.6 ENDGRAPH ENDFIB
totalRIbsize: 67712
totla bestpath nodes: 211685
totla bestpath tcost: 81953717

Testing on Transit seed 4
numpathcap: 10
1234567891011121314151617181920212223242526272829303132333435363738394041424344454647484950515253545556575859606162636465666768taking longer than: 30stopping this run
removing rib and fib entries for : 411
69707172737475767778798081828384858687888990919293949596979899100101102103104105106107108109110111112113114115116117118119120121122123124125126127128129130131132133134135136137138139140141142143144145146147148149150151152153154155156157158159160161162163164165RIB GRAPH 0.4 911325.06 ENDGRAPH ENDRIB
FIB GRAPH 0.4 432483.0 ENDGRAPH ENDFIB
totalRIbsize: 58941
totla bestpath nodes: 211407
totla bestpath tcost: 86496598

Testing on Transit seed 5
numpathcap: 10
123456789101112131415161718192021222324252627282930313233343536373839404142434445464748495051525354555657585960616263646566676869707172737475767778798081828384858687888990919293949596979899100101102103104105106107108109110111112113114115116117118119120121122123124125126127128129130131132133134135136137138139140141142143144145146147148149150151152153154155156157158159160161162163164165RIB GRAPH 0.4 855320.6 ENDGRAPH ENDRIB
FIB GRAPH 0.4 340522.53 ENDGRAPH ENDFIB
totalRIbsize: 70923
totla bestpath nodes: 212137
totla bestpath tcost: 68104502

Testing on Transit seed 6
numpathcap: 10
123456789101112131415161718192021222324252627282930313233343536373839404142434445464748495051525354555657585960616263646566676869707172737475767778798081828384858687888990919293949596979899100101102103104105106107108109110111112113114115116117118119120121122123124125126127128129130131132133134135136137138139140141142143144145146147148149150151152153154155156157158159160161162163164165RIB GRAPH 0.4 933252.94 ENDGRAPH ENDRIB
FIB GRAPH 0.4 388269.53 ENDGRAPH ENDFIB
totalRIbsize: 70978
totla bestpath nodes: 218286
totla bestpath tcost: 77653904

Testing on Transit seed 7
numpathcap: 10
123456789101112131415161718192021222324252627282930313233343536373839404142434445464748495051525354555657585960616263646566676869707172737475767778798081828384858687888990919293949596979899100101102103104105106107108109110111112113114115116117118119120121122123124125126127128129130131132133134135136137138139140141142143144145146147148149150151152153154155156157158159160161162163164165RIB GRAPH 0.4 974916.0 ENDGRAPH ENDRIB
FIB GRAPH 0.4 407905.8 ENDGRAPH ENDFIB
totalRIbsize: 69797
totla bestpath nodes: 213588
totla bestpath tcost: 81581162

Testing on Transit seed 8
numpathcap: 10
123456789101112131415161718192021222324252627282930313233343536373839404142434445464748495051525354555657585960616263646566676869707172737475767778798081828384858687888990919293949596979899100101102103104105106107108109110111112113114taking longer than: 30stopping this run
removing rib and fib entries for : 462
115116117118119120121122123124125126127128129130131132133134135136137138139140141142143144145146147148149150151152153154155156157158159160161162163164165RIB GRAPH 0.4 981249.1 ENDGRAPH ENDRIB
FIB GRAPH 0.4 420581.84 ENDGRAPH ENDFIB
totalRIbsize: 68672
totla bestpath nodes: 212868
totla bestpath tcost: 84116368

Testing on Transit seed 9
numpathcap: 10
123456789101112131415161718192021222324252627282930313233343536373839404142434445464748495051525354taking longer than: 30stopping this run
removing rib and fib entries for : 393
555657585960616263646566676869707172737475767778798081828384858687888990919293949596979899100101102103104105106107108109110111112113114115116117118119120121122123124125126127128129130131132133134135136137138139140141142143144145146147148149150151152153154155156157158159160161162163164165RIB GRAPH 0.4 962901.25 ENDGRAPH ENDRIB
FIB GRAPH 0.4 404740.28 ENDGRAPH ENDFIB
totalRIbsize: 68544
totla bestpath nodes: 227990
totla bestpath tcost: 80948053

Testing on Transit seed 10
numpathcap: 10
123456789101112131415161718192021222324252627282930313233343536373839404142434445464748495051525354555657585960616263646566676869707172737475767778798081828384858687888990919293949596979899100101102103104105106107108109110111112113114115116117118119120121122123124125126127128129130131132133134135136137138139140141142143144145146147148149150151152153154155156157158159160161162163164165RIB GRAPH 0.4 930469.5 ENDGRAPH ENDRIB
FIB GRAPH 0.4 412348.1 ENDGRAPH ENDFIB
totalRIbsize: 68594
totla bestpath nodes: 211694
totla bestpath tcost: 82469614

Testing for stub/transit percentage: 0.500000

Testing on Transit seed 1
numpathcap: 10
123456789101112131415161718192021222324252627282930taking longer than: 30stopping this run
removing rib and fib entries for : 344
313233343536373839404142434445464748495051525354555657585960616263646566676869707172737475767778798081828384858687888990919293949596979899100101102103104105106107108109110111112113114115116117118119120121122123124125126127128129130131132133134135136137138139140141142143144145146147148149150151152153154155156157158159160161162163164165RIB GRAPH 0.5 750705.06 ENDGRAPH ENDRIB
FIB GRAPH 0.5 297584.2 ENDGRAPH ENDFIB
totalRIbsize: 84343
totla bestpath nodes: 271919
totla bestpath tcost: 74098465

Testing on Transit seed 2
numpathcap: 10
123456789101112131415161718192021222324252627282930313233343536373839404142434445464748495051525354555657585960616263646566676869707172737475taking longer than: 30stopping this run
removing rib and fib entries for : 420
767778798081828384858687888990919293949596979899100101102103104105106107108109110111112113114115116117118119120121122123124125126127128129130131132133134135136137138139140141142143144145146147148149150151152153154155156157158159160161162163164165RIB GRAPH 0.5 925150.4 ENDGRAPH ENDRIB
FIB GRAPH 0.5 386992.12 ENDGRAPH ENDFIB
totalRIbsize: 85470
totla bestpath nodes: 269276
totla bestpath tcost: 96361043

Testing on Transit seed 3
numpathcap: 10
123456789101112131415161718192021222324252627282930313233343536373839404142434445464748495051525354555657585960616263646566676869707172737475767778798081828384858687888990919293949596979899100101102103104105106107108109110111112113114115116117118119120121122123124125126127128129130131132133134135136137138139140141142143144145146147148149150151152153154155156157158159160161162163164165RIB GRAPH 0.5 870803.94 ENDGRAPH ENDRIB
FIB GRAPH 0.5 377165.94 ENDGRAPH ENDFIB
totalRIbsize: 84120
totla bestpath nodes: 264848
totla bestpath tcost: 93914316

Testing on Transit seed 4
numpathcap: 10
123456789101112131415161718192021222324252627282930313233343536373839404142434445464748495051525354555657585960616263646566676869707172737475767778798081828384858687888990919293949596979899100101102103104105106107108109110111112113114115116117118119120121122123124125126127128129130131132133134135136137138139140141142143144145146147148149150151152153154155156157158159160161162163164165RIB GRAPH 0.5 830360.1 ENDGRAPH ENDRIB
FIB GRAPH 0.5 340214.8 ENDGRAPH ENDFIB
totalRIbsize: 86430
totla bestpath nodes: 270191
totla bestpath tcost: 84713484

Testing on Transit seed 5
numpathcap: 10
123456789101112131415161718192021222324252627282930313233343536373839404142434445464748495051525354555657585960616263646566676869707172737475767778798081828384858687888990919293949596979899100101102103104105106107108109110111112113114115116117118119120121122123124125126127128129130131132133134135136137138139140141142143144145146147148149150151152153154155156157158159160161162163164165RIB GRAPH 0.5 829427.25 ENDGRAPH ENDRIB
FIB GRAPH 0.5 334363.5 ENDGRAPH ENDFIB
totalRIbsize: 86866
totla bestpath nodes: 263241
totla bestpath tcost: 83256511

Testing on Transit seed 6
numpathcap: 10
123456789101112131415161718192021222324252627282930313233343536373839404142434445464748495051525354555657585960616263646566676869707172737475767778798081828384858687888990919293949596979899100101102103104105106107108109110111112113114115116117118119120121122123124125126127128129130131132133134135136137138139140141142143144145146147148149150151152153154155156157158159160161162163164165RIB GRAPH 0.5 883346.6 ENDGRAPH ENDRIB
FIB GRAPH 0.5 370345.0 ENDGRAPH ENDFIB
totalRIbsize: 87388
totla bestpath nodes: 268904
totla bestpath tcost: 92215906

Testing on Transit seed 7
numpathcap: 10
123456789101112131415161718192021222324252627282930313233343536373839404142434445464748495051525354555657585960616263646566676869707172737475767778798081828384858687888990919293949596979899100101102103104105106107108109110111112113114115116117118119120121122123124125126127128129130131132133134135136137138139140141142143144145146147148149150151152153154155156157158159160161162163164165RIB GRAPH 0.5 964790.06 ENDGRAPH ENDRIB
FIB GRAPH 0.5 414514.12 ENDGRAPH ENDFIB
totalRIbsize: 85629
totla bestpath nodes: 263862
totla bestpath tcost: 103214019

Testing on Transit seed 8
numpathcap: 10
12345678910111213141516171819202122232425262728293031323334353637383940414243444546474849505152535455565758596061626364656667686970717273747576taking longer than: 30stopping this run
removing rib and fib entries for : 423
7778798081828384858687888990919293taking longer than: 30stopping this run
removing rib and fib entries for : 444
949596979899100101102103104105106107108109110111112113114115116117118119120121122123124125126127128129130131132133134135136137138139140141142143144145146147148149150151152153154155156157158159160161162163164165RIB GRAPH 0.5 910343.3 ENDGRAPH ENDRIB
FIB GRAPH 0.5 407742.88 ENDGRAPH ENDFIB
totalRIbsize: 79166
totla bestpath nodes: 262698
totla bestpath tcost: 101527979

Testing on Transit seed 9
numpathcap: 10
123456789101112131415161718192021222324252627282930313233343536373839404142434445464748495051525354555657585960616263646566676869707172737475767778798081828384858687888990919293949596979899100101102103104105106107108109110111112113114115116117118119120121taking longer than: 30stopping this run
removing rib and fib entries for : 211
122123124125126127128129130131132133134135136137138139140141142143144145146147148149150151152153154155156157158159160161162163164165RIB GRAPH 0.5 862481.44 ENDGRAPH ENDRIB
FIB GRAPH 0.5 352686.97 ENDGRAPH ENDFIB
totalRIbsize: 84851
totla bestpath nodes: 271979
totla bestpath tcost: 87819058

Testing on Transit seed 10
numpathcap: 10
123456789101112131415161718192021222324252627282930313233343536373839404142434445464748495051525354555657585960616263646566676869707172737475767778798081828384858687888990919293949596979899100101102103104105106107108109110111112113114115116117118119120121122123124125126127128129130131132133134135136137138139140141142143144145146147148149150151152153154155156157158159160161162163164165RIB GRAPH 0.5 923350.0 ENDGRAPH ENDRIB
FIB GRAPH 0.5 397501.44 ENDGRAPH ENDFIB
totalRIbsize: 85633
totla bestpath nodes: 256760
totla bestpath tcost: 98977856

Testing for stub/transit percentage: 0.600000

Testing on Transit seed 1
numpathcap: 10
123456789101112131415161718192021222324252627282930313233343536373839404142434445464748495051525354555657585960616263646566676869707172737475767778798081828384858687888990919293949596979899100101102103104105106107108109110111112113114115116117118119120121122123124125126127128129130131132133134135136137138139140141142143144145146147148149150151152153154155156157158159160161162163164165RIB GRAPH 0.6 742255.7 ENDGRAPH ENDRIB
FIB GRAPH 0.6 291559.1 ENDGRAPH ENDFIB
totalRIbsize: 104150
totla bestpath nodes: 330295
totla bestpath tcost: 87467726

Testing on Transit seed 2
numpathcap: 10
12345678910111213141516171819202122232425262728293031323334353637383940414243444546474849505152535455565758596061626364656667686970717273747576777879808182838485868788899091929394taking longer than: 30stopping this run
removing rib and fib entries for : 445
9596979899100101102103104105106107108109110111112113114115116117118119120121122123124125126127128129130131132133134135136137138139140141142143144145146147148149150151152153154155156157158159160161162163164165RIB GRAPH 0.6 883028.06 ENDGRAPH ENDRIB
FIB GRAPH 0.6 355461.16 ENDGRAPH ENDFIB
totalRIbsize: 102313
totla bestpath nodes: 319989
totla bestpath tcost: 106638341

Testing on Transit seed 3
numpathcap: 10
123456789101112131415161718192021222324252627282930313233343536373839404142434445464748495051525354555657585960616263646566676869707172737475767778798081828384858687888990919293949596979899100101102103104105106107108109110111112113114115116117118119120121122123124125126127128129130131132133134135136137138139140141142143144145146147148149150151152153154155156157158159160161162163164165RIB GRAPH 0.6 776999.1 ENDGRAPH ENDRIB
FIB GRAPH 0.6 317520.53 ENDGRAPH ENDFIB
totalRIbsize: 101896
totla bestpath nodes: 317866
totla bestpath tcost: 95256164

Testing on Transit seed 4
numpathcap: 10
123456789101112131415161718192021222324252627282930313233343536373839404142434445464748495051525354555657585960616263646566676869707172737475767778798081828384858687888990919293949596979899100101102103104105106107108109110111112113114115116117118119120121122123124125126127128129130131132133134135136137138139140141142143144145146147148149150151152153154155156157158159160161162163164165RIB GRAPH 0.6 772174.4 ENDGRAPH ENDRIB
FIB GRAPH 0.6 315339.53 ENDGRAPH ENDFIB
totalRIbsize: 102996
totla bestpath nodes: 325573
totla bestpath tcost: 94601860

Testing on Transit seed 5
numpathcap: 10
123456789101112131415161718192021222324252627282930313233343536373839404142434445464748495051525354555657585960616263646566676869707172737475767778798081828384858687888990919293949596979899100101102103104105106107108109110111112113114115116117118119120121122123124125126127128129130taking longer than: 30stopping this run
removing rib and fib entries for : 476
131132133134135136137138139140141142143144145146147148149150151152153154155156157158159160161162163164165RIB GRAPH 0.6 756539.44 ENDGRAPH ENDRIB
FIB GRAPH 0.6 308056.88 ENDGRAPH ENDFIB
totalRIbsize: 102493
totla bestpath nodes: 314831
totla bestpath tcost: 92417061

Testing on Transit seed 6
numpathcap: 10
123456789101112131415161718192021222324252627282930313233343536373839404142434445464748495051525354555657585960616263646566676869707172737475767778798081828384858687888990919293949596979899100101102103104105106107108109110111112113114115116117118119120121122123124125126127128129130131132133134135taking longer than: 30stopping this run
removing rib and fib entries for : 481
136137138139140141142143144145146147148149150151152153154155156157158159160161162163164165RIB GRAPH 0.6 756156.4 ENDGRAPH ENDRIB
FIB GRAPH 0.6 309007.0 ENDGRAPH ENDFIB
totalRIbsize: 102679
totla bestpath nodes: 315463
totla bestpath tcost: 92702097

Testing on Transit seed 7
numpathcap: 10
1234567891011121314151617181920212223242526272829303132333435363738394041424344454647484950taking longer than: 30stopping this run
removing rib and fib entries for : 387
51525354555657585960616263646566676869707172737475767778798081828384858687888990919293949596979899100101102103104105106107108109110111112113114115116117118119120121122123124125126127128129130131132133134135136137138139140141142143144145146147148149150151152153154155156157158159160161162163164165RIB GRAPH 0.6 867619.75 ENDGRAPH ENDRIB
FIB GRAPH 0.6 379819.2 ENDGRAPH ENDFIB
totalRIbsize: 98717
totla bestpath nodes: 311179
totla bestpath tcost: 113945758

Testing on Transit seed 8
numpathcap: 10
123456789101112131415161718192021222324252627282930313233343536373839404142434445464748495051525354555657585960616263646566676869707172737475767778798081828384858687888990919293949596979899100101102103104105106107108109110111112113114115116117118119120121122123124125126127128129130131132133134135136137138139140141142143144145146147148149150151152153154155156157158159160161162163164165RIB GRAPH 0.6 869348.56 ENDGRAPH ENDRIB
FIB GRAPH 0.6 363990.1 ENDGRAPH ENDFIB
totalRIbsize: 102534
totla bestpath nodes: 321451
totla bestpath tcost: 109197024

Testing on Transit seed 9
numpathcap: 10
123456789101112131415161718192021222324252627282930313233343536373839404142434445464748495051525354555657585960616263646566676869707172737475767778798081828384858687888990919293949596979899100101102103104105106107108109110111112113114115116117118119120121122123124125126127128129130131132133134135136137138139140141142143144145146147148149150151152153154155156157158159160161162163164165RIB GRAPH 0.6 800228.0 ENDGRAPH ENDRIB
FIB GRAPH 0.6 316934.8 ENDGRAPH ENDFIB
totalRIbsize: 103839
totla bestpath nodes: 319550
totla bestpath tcost: 95080448

Testing on Transit seed 10
numpathcap: 10
123456789101112131415161718192021222324252627282930313233343536373839404142434445464748495051525354555657585960616263646566676869707172737475767778798081828384858687888990919293949596979899100101102103104105106107108109110111112113114115116117118119120121122123124125126127128129130131132133134135136137138139140141142143144145146147148149150151152153154155156157158159160161162163164165RIB GRAPH 0.6 899790.94 ENDGRAPH ENDRIB
FIB GRAPH 0.6 378319.9 ENDGRAPH ENDFIB
totalRIbsize: 102667
totla bestpath nodes: 309969
totla bestpath tcost: 113495968

Testing for stub/transit percentage: 0.700000

Testing on Transit seed 1
numpathcap: 10
123456789101112131415161718192021222324252627282930313233343536373839404142434445464748495051525354555657585960616263646566676869707172737475767778798081828384858687888990919293949596979899100101102103104105106107108109110111112113114115116117118119120121122123124125126127128129130131132133134135136137138139140141142143144145146147148149150151152153154155156157158159160161162163164165RIB GRAPH 0.7 693088.6 ENDGRAPH ENDRIB
FIB GRAPH 0.7 274066.0 ENDGRAPH ENDFIB
totalRIbsize: 119527
totla bestpath nodes: 365050
totla bestpath tcost: 95649032

Testing on Transit seed 2
numpathcap: 10
123456789101112131415161718192021222324252627282930313233343536373839404142434445464748495051525354555657585960616263646566676869707172737475767778798081828384858687888990919293949596979899100101102103104105106107108109110111112113114115116117118119120121122123124125126127128129130131132133134135136137138139140141142143144145146147148149150151152153154155156157158159160161162163164165RIB GRAPH 0.7 865654.56 ENDGRAPH ENDRIB
FIB GRAPH 0.7 350436.78 ENDGRAPH ENDFIB
totalRIbsize: 120006
totla bestpath nodes: 373803
totla bestpath tcost: 122302441

Testing on Transit seed 3
numpathcap: 10
123456789101112131415161718192021222324252627282930313233343536373839404142434445464748495051525354555657585960616263646566676869707172737475767778798081828384858687888990919293949596979899100101102103104105106107108109110111112113114115116117118119120121122123124125126127128129130131132133134135136137138139140141142143144145146147148149150151152153154155156157158159160161162163164165RIB GRAPH 0.7 725204.7 ENDGRAPH ENDRIB
FIB GRAPH 0.7 296555.0 ENDGRAPH ENDFIB
totalRIbsize: 118800
totla bestpath nodes: 368068
totla bestpath tcost: 103497696

Testing on Transit seed 4
numpathcap: 10
123456789101112131415161718192021222324252627282930313233343536373839404142434445464748495051525354555657585960616263646566676869707172737475767778798081828384858687888990919293949596979899100101102103104105106107108109110111112113114115116117118119120121122123124125126127128129130131132133134135136137138139140141142143144145146147148149150151152153154155156157158159160161162163164165RIB GRAPH 0.7 730924.8 ENDGRAPH ENDRIB
FIB GRAPH 0.7 297967.5 ENDGRAPH ENDFIB
totalRIbsize: 118977
totla bestpath nodes: 377974
totla bestpath tcost: 103990656

Testing on Transit seed 5
numpathcap: 10
12345678910111213141516171819202122232425262728293031323334353637383940414243444546474849505152535455565758596061626364656667686970717273747576777879808182838485868788899091929394959697taking longer than: 30stopping this run
removing rib and fib entries for : 449
9899100101102103104105106107108109110111112113114115116117118119120121122123124125126127128129130131132133134135136137138139140141142143144145146147148149150151152153154155156157158159160161162163164165RIB GRAPH 0.7 687998.3 ENDGRAPH ENDRIB
FIB GRAPH 0.7 295449.5 ENDGRAPH ENDFIB
totalRIbsize: 112455
totla bestpath nodes: 358855
totla bestpath tcost: 103111874

Testing on Transit seed 6
numpathcap: 10
123456789101112131415161718192021222324252627282930313233343536373839404142434445464748495051525354555657585960616263646566676869707172737475767778798081828384858687888990919293949596979899100101102103104105106107108109110111112113114115116117118119120121122123124125126127128129130131132133134135136137138139140141142143144145146147148149150151152153154155156157158159160161162163164165RIB GRAPH 0.7 753171.7 ENDGRAPH ENDRIB
FIB GRAPH 0.7 308989.22 ENDGRAPH ENDFIB
totalRIbsize: 119866
totla bestpath nodes: 376233
totla bestpath tcost: 107837235

Testing on Transit seed 7
numpathcap: 10
123456789101112131415161718192021222324252627282930313233343536373839404142434445464748495051525354555657585960616263646566676869707172737475767778798081828384858687888990919293949596979899100101102103104105106107108109110111112113114115116117118119120121122123124125126127128129130131132133134135136137138139140141142143144145146147148149150151152153154155156157158159160161162163164165RIB GRAPH 0.7 808570.75 ENDGRAPH ENDRIB
FIB GRAPH 0.7 331950.6 ENDGRAPH ENDFIB
totalRIbsize: 118562
totla bestpath nodes: 361764
totla bestpath tcost: 115850760

Testing on Transit seed 8
numpathcap: 10
123456789101112131415161718192021222324252627282930313233343536373839404142434445464748495051525354555657585960616263646566676869707172737475767778798081828384858687888990919293949596979899100101102103104105106107108109110111112113114115116117118119120121122123124125126127128129130131132133134135136137138139140141142143144145146147148149150151152153154155156157158159160161162163164165RIB GRAPH 0.7 838473.2 ENDGRAPH ENDRIB
FIB GRAPH 0.7 349325.16 ENDGRAPH ENDFIB
totalRIbsize: 118685
totla bestpath nodes: 371755
totla bestpath tcost: 121914476

Testing on Transit seed 9
numpathcap: 10
123456789101112131415161718192021222324252627282930313233343536373839404142434445464748495051525354555657585960616263646566676869707172737475767778798081828384858687888990919293949596979899100101102103104105106107108109110111112113114115116117118119120121122123124125126127128129130131132133134135136137138139140141142143144145146147148149150151152153154155156157158159160161162163164165RIB GRAPH 0.7 718968.0 ENDGRAPH ENDRIB
FIB GRAPH 0.7 282545.0 ENDGRAPH ENDFIB
totalRIbsize: 120050
totla bestpath nodes: 369997
totla bestpath tcost: 98608202

Testing on Transit seed 10
numpathcap: 10
123456789101112131415161718192021222324252627282930313233343536373839404142434445464748495051525354555657585960616263646566676869707172737475767778798081828384858687888990919293949596979899100101102103104105106107108109110111112113114115116117118119120121122123124125126127128129130131132133134135136137138139140141142143144145146147148149150151152153154155156157158159160161162163164165RIB GRAPH 0.7 837572.9 ENDGRAPH ENDRIB
FIB GRAPH 0.7 348428.03 ENDGRAPH ENDFIB
totalRIbsize: 118629
totla bestpath nodes: 357376
totla bestpath tcost: 121601384

Testing for stub/transit percentage: 0.800000

Testing on Transit seed 1
numpathcap: 10
123456789101112131415161718192021222324252627282930313233343536373839404142434445464748495051525354555657585960616263646566676869707172737475767778798081828384858687888990919293949596979899100101102103104105106107108109110111112113114115116117118119120121122123124125126127128129130131132133134135136137138139140141142143144145146147148149150151152153154155156157158159160161162163164165RIB GRAPH 0.8 653273.4 ENDGRAPH ENDRIB
FIB GRAPH 0.8 256295.86 ENDGRAPH ENDFIB
totalRIbsize: 136323
totla bestpath nodes: 413899
totla bestpath tcost: 102518346

Testing on Transit seed 2
numpathcap: 10
123456789101112131415161718192021222324252627282930313233343536373839404142434445464748495051525354555657585960616263646566676869707172737475767778798081828384858687888990919293949596979899100101102103104105106107108109110111112113114115116117118119120121122123124125126127128129130131132133134135136137138139140141142143144145146147148149150151152153154155156157158159160161162163164165RIB GRAPH 0.8 855884.75 ENDGRAPH ENDRIB
FIB GRAPH 0.8 346395.0 ENDGRAPH ENDFIB
totalRIbsize: 136817
totla bestpath nodes: 431702
totla bestpath tcost: 138558000

Testing on Transit seed 3
numpathcap: 10
1234567891011121314151617181920212223242526272829303132333435363738394041424344454647484950515253545556575859606162636465666768697071727374757677787980818283848586878889taking longer than: 30stopping this run
removing rib and fib entries for : 437
90919293949596979899100101102103104105106107108109110111112113114115116117118119120121122123124125126127128129130131132133134135136137138139140141142143144145146147148149150151152153154155156157158159160161162163164165RIB GRAPH 0.8 605380.5 ENDGRAPH ENDRIB
FIB GRAPH 0.8 247743.88 ENDGRAPH ENDFIB
totalRIbsize: 131310
totla bestpath nodes: 423484
totla bestpath tcost: 99097548

Testing on Transit seed 4
numpathcap: 10
123456789101112131415161718192021222324252627282930313233343536373839404142434445464748495051525354555657585960616263646566676869707172737475767778798081828384858687888990919293949596979899100101102103104105106107108109110111112113114115116117118119120121122123124125126127128129130131132133134135136137138139140141142143144145146147148149150151152153154155156157158159160161162163164165RIB GRAPH 0.8 613214.06 ENDGRAPH ENDRIB
FIB GRAPH 0.8 245234.56 ENDGRAPH ENDFIB
totalRIbsize: 135914
totla bestpath nodes: 420336
totla bestpath tcost: 98093826

Testing on Transit seed 5
numpathcap: 10
123456789101112131415161718192021222324252627282930313233343536373839404142434445464748495051525354555657585960616263646566676869707172737475767778798081828384858687888990919293949596979899100101102103104105106107108109110111112113114115116117118119120121122123124125126127128129130131132133134135136137138139140141142143144145146147148149150151152153154155156157158159160161162163164165RIB GRAPH 0.8 626122.25 ENDGRAPH ENDRIB
FIB GRAPH 0.8 246609.36 ENDGRAPH ENDFIB
totalRIbsize: 135841
totla bestpath nodes: 414220
totla bestpath tcost: 98643744

Testing on Transit seed 6
numpathcap: 10
123456789101112131415161718192021222324252627282930313233343536373839404142434445464748495051525354555657585960616263646566676869707172737475767778798081828384858687888990919293949596979899100101102103104105106107108109110taking longer than: 30stopping this run
removing rib and fib entries for : 204
111112113114115116117118119120121122123124125126127128129130131132133134135136137138139140141142143144145146147148149150151152153154155156157158159160161162163164165RIB GRAPH 0.8 642501.94 ENDGRAPH ENDRIB
FIB GRAPH 0.8 252903.92 ENDGRAPH ENDFIB
totalRIbsize: 134686
totla bestpath nodes: 418187
totla bestpath tcost: 101161567

Testing on Transit seed 7
numpathcap: 10
1234567891011121314151617181920212223242526272829303132333435363738taking longer than: 30stopping this run
removing rib and fib entries for : 360
39404142434445464748495051525354555657585960616263646566676869707172737475767778798081828384858687888990919293949596979899100101102103104105106107108109110111112113114115116117118119120121122123124125126127128129130131132133134135136137138139140141142143144145146147148149150151152153154155156157158159160161162163164165RIB GRAPH 0.8 659613.5 ENDGRAPH ENDRIB
FIB GRAPH 0.8 262674.12 ENDGRAPH ENDFIB
totalRIbsize: 132660
totla bestpath nodes: 411540
totla bestpath tcost: 105069657

Testing on Transit seed 8
numpathcap: 10
123456789101112131415161718192021222324252627282930313233343536373839404142434445464748495051525354555657585960616263646566676869707172737475767778798081828384858687888990919293949596979899100101102103104105106107108109110111112113114115116117118119120121122123124125126127128129130131132133134135136137138139140141142143144145146147148149150151152153154155156157158159160161162163164165RIB GRAPH 0.8 653747.0 ENDGRAPH ENDRIB
FIB GRAPH 0.8 254307.81 ENDGRAPH ENDFIB
totalRIbsize: 135409
totla bestpath nodes: 415969
totla bestpath tcost: 101723130

Testing on Transit seed 9
numpathcap: 10
123456789101112131415161718192021222324252627282930313233343536373839404142434445464748495051525354555657585960616263646566676869707172737475767778798081828384858687888990919293949596979899100101102103104105106107108109110111112113114115116117118119120121122123124125126127128129130131132133134135136137138139140141142143144145146147148149150151152153154155156157158159160161162163164165RIB GRAPH 0.8 631303.8 ENDGRAPH ENDRIB
FIB GRAPH 0.8 248269.42 ENDGRAPH ENDFIB
totalRIbsize: 136549
totla bestpath nodes: 423554
totla bestpath tcost: 99307771

Testing on Transit seed 10
numpathcap: 10
123456789101112131415161718192021222324252627282930313233343536373839404142434445464748495051525354555657585960616263646566676869707172737475767778798081828384858687888990919293949596979899100101102103104105106107108109110111112113114115116117118119120121122123124125126127128129130131132133134135136137138139140141142143144145146147148149150151152153154155156157158159160161162163164165RIB GRAPH 0.8 800803.8 ENDGRAPH ENDRIB
FIB GRAPH 0.8 336835.56 ENDGRAPH ENDFIB
totalRIbsize: 135338
totla bestpath nodes: 408778
totla bestpath tcost: 134734225

Testing for stub/transit percentage: 0.900000

Testing on Transit seed 1
numpathcap: 10
123456789101112131415161718192021222324252627282930313233343536373839404142434445464748495051525354555657585960616263646566676869707172737475767778798081828384858687888990919293949596979899100101102103104105106107108109110111112113114115116117118119120121122123124125126127128129130131132133134135136137138139140141142143144145146147148149150151152153154155156157158159160161162163164165RIB GRAPH 0.9 590918.94 ENDGRAPH ENDRIB
FIB GRAPH 0.9 232022.0 ENDGRAPH ENDFIB
totalRIbsize: 152016
totla bestpath nodes: 464940
totla bestpath tcost: 104177883

Testing on Transit seed 2
numpathcap: 10
123456789101112131415161718192021222324252627282930313233343536373839404142434445464748495051525354555657585960616263646566676869707172737475767778798081828384858687888990919293949596979899100101102103104105106107108109110111112113114115116117118119120121122123124125126127128129130131132133134135136137138139140141142143144145146147148149150151152153154155156157158159160161162163164165RIB GRAPH 0.9 608042.25 ENDGRAPH ENDRIB
FIB GRAPH 0.9 236773.6 ENDGRAPH ENDFIB
totalRIbsize: 151868
totla bestpath nodes: 464841
totla bestpath tcost: 106311347

Testing on Transit seed 3
numpathcap: 10
123456789101112131415161718192021222324252627282930313233343536373839404142434445464748495051525354555657585960616263646566676869707172737475767778798081828384858687888990919293949596979899100101102103104105106107108109110111112113114115116117118119120121122123124125126127128129130131132133134135136137138139140141142143144145146147148149150151152153154155156157158159160161162163164165RIB GRAPH 0.9 561582.4 ENDGRAPH ENDRIB
FIB GRAPH 0.9 219127.14 ENDGRAPH ENDFIB
totalRIbsize: 151994
totla bestpath nodes: 472559
totla bestpath tcost: 98388090

Testing on Transit seed 4
numpathcap: 10
123456789101112131415161718192021222324252627282930313233343536373839404142434445464748495051525354555657585960616263646566676869707172737475767778798081828384858687888990919293949596979899100101102103104105106107108109110111112113114115116117118119120121122123124125126127128129130131132133134135136137138139140141142143144145146147148149150151152153154155156157158159160161162163164165RIB GRAPH 0.9 555455.9 ENDGRAPH ENDRIB
FIB GRAPH 0.9 216819.64 ENDGRAPH ENDFIB
totalRIbsize: 151673
totla bestpath nodes: 470978
totla bestpath tcost: 97352019

Testing on Transit seed 5
numpathcap: 10
123456789101112131415161718192021222324252627282930313233343536373839404142434445464748495051525354555657585960616263646566676869707172737475767778798081828384858687888990919293949596979899100101102103104105106107108109110111112113114115116117118119120121122123124125126127128129130131132133134135136137138139140141142143144145146147148149150151152153154155156157158159160161162163164165RIB GRAPH 0.9 579891.75 ENDGRAPH ENDRIB
FIB GRAPH 0.9 223328.5 ENDGRAPH ENDFIB
totalRIbsize: 151921
totla bestpath nodes: 463328
totla bestpath tcost: 100274493

Testing on Transit seed 6
numpathcap: 10
123456789101112131415161718192021222324252627282930313233343536373839404142434445464748495051525354555657585960616263646566676869707172737475767778798081828384858687888990919293949596979899100101102103104105106107108109110111112113114115116117118119120121122123124125126127128129130131132133134135136137138139140141142143144145146147148149150151152153154155156157158159160161162163164165RIB GRAPH 0.9 613133.4 ENDGRAPH ENDRIB
FIB GRAPH 0.9 238035.8 ENDGRAPH ENDFIB
totalRIbsize: 152658
totla bestpath nodes: 469490
totla bestpath tcost: 106878072

Testing on Transit seed 7
numpathcap: 10
1234567891011121314151617181920212223242526272829303132333435363738394041424344454647484950taking longer than: 30stopping this run
removing rib and fib entries for : 387
51525354555657585960616263646566676869707172737475767778798081828384858687888990919293949596979899100101102103104105106107108109110111112113114115116117118119120121122123124125126127128129130131132133134135136137138139140141142143144145146147148149150151152153154155156157158159160161162163164165RIB GRAPH 0.9 545316.8 ENDGRAPH ENDRIB
FIB GRAPH 0.9 213828.2 ENDGRAPH ENDFIB
totalRIbsize: 148323
totla bestpath nodes: 455399
totla bestpath tcost: 96008865

Testing on Transit seed 8
numpathcap: 10
123456789101112131415161718192021222324252627282930313233343536373839404142434445464748495051525354555657585960616263646566676869707172737475767778798081828384858687888990919293949596979899100101102103104105106107108109110111112113114115116117118119120121122123124125126127128129130131132133134135136137138139140141142143144145146147148149150151152153154155156157158159160161162163164165RIB GRAPH 0.9 584219.5 ENDGRAPH ENDRIB
FIB GRAPH 0.9 224701.95 ENDGRAPH ENDFIB
totalRIbsize: 151608
totla bestpath nodes: 466965
totla bestpath tcost: 100891177

Testing on Transit seed 9
numpathcap: 10
123456789101112131415161718192021222324252627282930313233343536373839404142434445464748495051525354555657585960616263646566676869707172737475767778798081828384858687888990919293949596979899100101102103104105106107108109110111112113114115116117118119120121122123124125126127128129130131132133134135136137138139140141142143144145146147148149150151152153154155156157158159160161162163164165RIB GRAPH 0.9 521443.34 ENDGRAPH ENDRIB
FIB GRAPH 0.9 199151.75 ENDGRAPH ENDFIB
totalRIbsize: 151924
totla bestpath nodes: 462134
totla bestpath tcost: 89419138

Testing on Transit seed 10
numpathcap: 10
123456789101112131415161718192021222324252627282930313233343536373839404142434445464748495051525354555657585960616263646566676869707172737475767778798081828384858687888990919293949596979899100101102103104105106107108109110111112113114115116117118119120121122123124125126127128129130131132133134135136137138139140141142143144145146147148149150151152153154155156157158159160161162163164165RIB GRAPH 0.9 647270.06 ENDGRAPH ENDRIB
FIB GRAPH 0.9 250470.14 ENDGRAPH ENDFIB
totalRIbsize: 151776
totla bestpath nodes: 454132
totla bestpath tcost: 112461095
numpathcap: 10
123456789101112131415161718192021222324252627282930313233343536373839404142434445464748495051525354555657585960616263646566676869707172737475767778798081828384858687888990919293949596979899100101102103104105106107108109110111112113114115116117118119120121122123124125126127128129130131132133134135136137138139140141142143144145146147148149150151152153154155156157158159160161162163164165RIB GRAPH 1.0 472490.34 ENDGRAPH ENDRIB
FIB GRAPH 1.0 175338.23 ENDGRAPH ENDFIB
totalRIbsize: 168550
totla bestpath nodes: 520191
totla bestpath tcost: 87669122
