505 5 0 1 0 10 contiguous deployment, monitored at upgraded ASesastypes.txt
LEGEND contiguous deployment, monitored at upgraded ASes ENDLEGEND\n
numpathcap: 10
123456789101112131415161718192021222324252627282930313233343536373839404142434445464748495051525354555657585960616263646566676869707172737475767778798081828384858687888990919293949596979899100101102103104105106107108109110111112113114115116117118119120121122123124125126127128129130131132133134135136137138139140141142143144145146147148149150151152153154155156157158159160161162163164165RIB GRAPH 0.0 56249.062 ENDGRAPH ENDRIB
FIB GRAPH 0.0 29522.26 ENDGRAPH ENDFIB
totalRIbsize: 175092
totla bestpath nodes: 446669
totla bestpath tcost: 232215729

Testing for stub/transit percentage: 0.100000

Testing on Transit seed 1
numpathcap: 10
123456789101112131415161718192021222324252627282930313233343536373839404142434445464748495051525354555657585960616263646566676869707172737475767778798081828384858687888990919293949596979899100101102103104105106107108109110111112113114115116117118119120121122123124125126127128129130131132133134135136137138139140141142143144145146147148149150151152153154155156157158159160161162163164165RIB GRAPH 0.1 53241.53 ENDGRAPH ENDRIB
FIB GRAPH 0.1 26610.326 ENDGRAPH ENDFIB
totalRIbsize: 17050
totla bestpath nodes: 45859
totla bestpath tcost: 23016277

Testing on Transit seed 2
numpathcap: 10
123456789101112131415161718192021222324252627282930313233343536373839404142434445464748495051525354555657585960616263646566676869707172737475767778798081828384858687888990919293949596979899100101102103104105106107108109110111112113114115116117118119120121122123124125126127128129130131132133134135136137138139140141142143144145146147148149150151152153154155156157158159160161162163164165RIB GRAPH 0.1 58080.285 ENDGRAPH ENDRIB
FIB GRAPH 0.1 27992.816 ENDGRAPH ENDFIB
totalRIbsize: 17736
totla bestpath nodes: 44952
totla bestpath tcost: 23138835

Testing on Transit seed 3
numpathcap: 10
123456789101112131415161718192021222324252627282930313233343536373839404142434445464748495051525354555657585960616263646566676869707172737475767778798081828384858687888990919293949596979899100101102103104105106107108109110111112113114115116117118119120121122123124125126127128129130131132133134135136137138139140141142143144145146147148149150151152153154155156157158159160161162163164165RIB GRAPH 0.1 58356.367 ENDGRAPH ENDRIB
FIB GRAPH 0.1 31723.98 ENDGRAPH ENDFIB
totalRIbsize: 16356
totla bestpath nodes: 44616
totla bestpath tcost: 23676924

Testing on Transit seed 4
numpathcap: 10
123456789101112131415161718192021222324252627282930313233343536373839404142434445464748495051525354555657585960616263646566676869707172737475767778798081828384858687888990919293949596979899100101102103104105106107108109110111112113114115116117118119120121122123124125126127128129130131132133134135136137138139140141142143144145146147148149150151152153154155156157158159160161162163164165RIB GRAPH 0.1 56063.33 ENDGRAPH ENDRIB
FIB GRAPH 0.1 29375.469 ENDGRAPH ENDFIB
totalRIbsize: 16498
totla bestpath nodes: 45097
totla bestpath tcost: 23791134

Testing on Transit seed 5
numpathcap: 10
123456789101112131415161718192021222324252627282930313233343536373839404142434445464748495051525354555657585960616263646566676869707172737475767778798081828384858687888990919293949596979899100101102103104105106107108109110111112113114115116117118119120121122123124125126127128129130131132133134135136137138139140141142143144145146147148149150151152153154155156157158159160161162163164165RIB GRAPH 0.1 56781.594 ENDGRAPH ENDRIB
FIB GRAPH 0.1 27586.164 ENDGRAPH ENDFIB
totalRIbsize: 17763
totla bestpath nodes: 44414
totla bestpath tcost: 23014927

Testing on Transit seed 6
numpathcap: 10
123456789101112131415161718192021222324252627282930313233343536373839404142434445464748495051525354555657585960616263646566676869707172737475767778798081828384858687888990919293949596979899100101102103104105106107108109110111112113114115116117118119120121122123124125126127128129130131132133134135136137138139140141142143144145146147148149150151152153154155156157158159160161162163164165RIB GRAPH 0.1 53680.734 ENDGRAPH ENDRIB
FIB GRAPH 0.1 25567.367 ENDGRAPH ENDFIB
totalRIbsize: 17699
totla bestpath nodes: 44663
totla bestpath tcost: 22382676

Testing on Transit seed 7
numpathcap: 10
123456789101112131415161718192021222324252627282930313233343536373839404142434445464748495051525354555657585960616263646566676869707172737475767778798081828384858687888990919293949596979899100101102103104105106107108109110111112113114115116117118119120121122123124125126127128129130131132133134135136137138139140141142143144145146147148149150151152153154155156157158159160161162163164165RIB GRAPH 0.1 53606.613 ENDGRAPH ENDRIB
FIB GRAPH 0.1 26263.266 ENDGRAPH ENDFIB
totalRIbsize: 17190
totla bestpath nodes: 44921
totla bestpath tcost: 22719424

Testing on Transit seed 8
numpathcap: 10
123456789101112131415161718192021222324252627282930313233343536373839404142434445464748495051525354555657585960616263646566676869707172737475767778798081828384858687888990919293949596979899100101102103104105106107108109110111112113114115116117118119120121122123124125126127128129130131132133134135136137138139140141142143144145146147148149150151152153154155156157158159160161162163164165RIB GRAPH 0.1 50866.49 ENDGRAPH ENDRIB
FIB GRAPH 0.1 26539.408 ENDGRAPH ENDFIB
totalRIbsize: 16525
totla bestpath nodes: 45582
totla bestpath tcost: 23071287

Testing on Transit seed 9
numpathcap: 10
123456789101112131415161718192021222324252627282930313233343536373839404142434445464748495051525354555657585960616263646566676869707172737475767778798081828384858687888990919293949596979899100101102103104105106107108109110111112113114115116117118119120121122123124125126127128129130131132133134135136137138139140141142143144145146147148149150151152153154155156157158159160161162163164165RIB GRAPH 0.1 50449.12 ENDGRAPH ENDRIB
FIB GRAPH 0.1 25822.775 ENDGRAPH ENDFIB
totalRIbsize: 16393
totla bestpath nodes: 44891
totla bestpath tcost: 23018255

Testing on Transit seed 10
numpathcap: 10
123456789101112131415161718192021222324252627282930313233343536373839404142434445464748495051525354555657585960616263646566676869707172737475767778798081828384858687888990919293949596979899100101102103104105106107108109110111112113114115116117118119120121122123124125126127128129130131132133134135136137138139140141142143144145146147148149150151152153154155156157158159160161162163164165RIB GRAPH 0.1 54446.816 ENDGRAPH ENDRIB
FIB GRAPH 0.1 28995.102 ENDGRAPH ENDFIB
totalRIbsize: 16527
totla bestpath nodes: 44846
totla bestpath tcost: 22879843

Testing for stub/transit percentage: 0.200000

Testing on Transit seed 1
numpathcap: 10
123456789101112131415161718192021222324252627282930313233343536373839404142434445464748495051525354555657585960616263646566taking longer than: 30stopping this run
removing rib and fib entries for : 407
676869707172737475767778798081828384858687888990919293949596979899100101102103104105106107108109110111112113114115116117118119120121122123124125126127128129130131132133134135136137138139140141142143144145146147148149150151152153154155156157158159160161162163164165RIB GRAPH 0.2 47163.22 ENDGRAPH ENDRIB
FIB GRAPH 0.2 25768.05 ENDGRAPH ENDFIB
totalRIbsize: 30659
totla bestpath nodes: 99327
totla bestpath tcost: 52183640

Testing on Transit seed 2
numpathcap: 10
123456789101112131415161718192021222324252627282930313233343536373839404142434445464748495051525354555657585960616263646566676869707172737475767778798081828384858687888990919293949596979899100101102103104105106107108109110111112113114115116117118119120121122123124125126127128129130131132133134135136137138139140141142143144145146147148149150151152153154155156157158159160161162163164165RIB GRAPH 0.2 54966.51 ENDGRAPH ENDRIB
FIB GRAPH 0.2 27933.18 ENDGRAPH ENDFIB
totalRIbsize: 35384
totla bestpath nodes: 96476
totla bestpath tcost: 49768054

Testing on Transit seed 3
numpathcap: 10
123456789101112131415161718192021222324252627282930313233343536373839404142434445464748495051525354555657585960616263646566676869707172737475767778798081828384858687888990919293949596979899100101102103104105106107108109110111112113114115116117118119120121122123124125126127128129130131132133134135136137138139taking longer than: 30stopping this run
removing rib and fib entries for : 483
140141142143144145146147148149150151152153154155156157158159160161162163164165RIB GRAPH 0.2 53741.77 ENDGRAPH ENDRIB
FIB GRAPH 0.2 28367.1 ENDGRAPH ENDFIB
totalRIbsize: 33082
totla bestpath nodes: 94864
totla bestpath tcost: 49632485

Testing on Transit seed 4
numpathcap: 10
123456789101112131415161718192021222324252627282930313233343536373839404142434445464748495051525354555657585960616263646566676869707172737475767778798081828384858687888990919293949596979899100101102103104105106107108109110111112113114115116117118119120121122123124125126127128129130131132133134135136137138139140141142143144145146147148149150151152153154155156157158159160161162163164165RIB GRAPH 0.2 57880.26 ENDGRAPH ENDRIB
FIB GRAPH 0.2 29017.95 ENDGRAPH ENDFIB
totalRIbsize: 34540
totla bestpath nodes: 94368
totla bestpath tcost: 49716677

Testing on Transit seed 5
numpathcap: 10
123456789101112131415161718192021222324252627282930313233343536373839404142434445464748495051525354555657585960616263646566676869707172737475767778798081828384858687888990919293949596979899100101102103104105106107108109110111112113114115116117118119120121122123124125126127128129130131132133134135136137138139140141142143144145146147148149150151152153154155156157158159160161162163164165RIB GRAPH 0.2 54376.72 ENDGRAPH ENDRIB
FIB GRAPH 0.2 27862.53 ENDGRAPH ENDFIB
totalRIbsize: 34489
totla bestpath nodes: 94039
totla bestpath tcost: 49260883

Testing on Transit seed 6
numpathcap: 10
123456789101112131415161718192021222324252627282930313233343536373839404142434445464748495051525354555657585960616263646566676869707172737475767778798081828384858687888990919293949596979899100101102103104105106107108109110111112113114115116117118119120121122123124125126127128129130131132133134135136137138139140141142143144145146147148149150151152153154155156157158159160161162163164165RIB GRAPH 0.2 53159.45 ENDGRAPH ENDRIB
FIB GRAPH 0.2 27014.06 ENDGRAPH ENDFIB
totalRIbsize: 34916
totla bestpath nodes: 92710
totla bestpath tcost: 47927565

Testing on Transit seed 7
numpathcap: 10
123456789101112131415161718192021222324252627282930313233343536373839404142434445464748495051525354555657585960616263646566676869707172737475767778798081828384858687888990919293949596979899100101102103104105106107108109110111112113114115116117118119120121122123124125126127128129130131132133134135136137138139140141142143144145146147148149150151152153154155156157158159160161162163164165RIB GRAPH 0.2 54856.1 ENDGRAPH ENDRIB
FIB GRAPH 0.2 28685.02 ENDGRAPH ENDFIB
totalRIbsize: 34483
totla bestpath nodes: 94158
totla bestpath tcost: 48619984

Testing on Transit seed 8
numpathcap: 10
123456789101112131415161718192021222324252627282930313233343536373839404142434445464748495051525354555657585960616263646566676869707172737475767778798081828384858687888990919293949596979899100101102103104105106107108109110111112113114115116117118119120121122123124125126127128129130131132133134135136137138139140141142143144145146147148149150151152153154155156157158159160161162163164165RIB GRAPH 0.2 50145.87 ENDGRAPH ENDRIB
FIB GRAPH 0.2 25305.36 ENDGRAPH ENDFIB
totalRIbsize: 33693
totla bestpath nodes: 95453
totla bestpath tcost: 48253058

Testing on Transit seed 9
numpathcap: 10
123456789101112131415161718192021222324252627282930313233343536373839404142434445464748495051525354555657585960616263646566676869707172737475767778798081828384858687888990919293949596979899100101102103104105106107108109110111112113114115116117118119120121122123124125126127128129130131132133134135136137138139140141142143144145146147148149150151152153154155156157158159160161162163164165RIB GRAPH 0.2 52918.71 ENDGRAPH ENDRIB
FIB GRAPH 0.2 26522.99 ENDGRAPH ENDFIB
totalRIbsize: 34378
totla bestpath nodes: 93822
totla bestpath tcost: 48362799

Testing on Transit seed 10
numpathcap: 10
123456789101112131415161718192021222324252627282930313233343536373839404142434445464748495051525354555657585960616263646566676869707172737475767778798081828384858687888990919293949596979899100101102103104105106107108109110111112113114115116117118119120121122123124125126127128129130131132133134135136137138139140141142143144145146147148149150151152153154155156157158159160161162163164165RIB GRAPH 0.2 54553.53 ENDGRAPH ENDRIB
FIB GRAPH 0.2 28693.44 ENDGRAPH ENDFIB
totalRIbsize: 33708
totla bestpath nodes: 95014
totla bestpath tcost: 49051772

Testing for stub/transit percentage: 0.300000

Testing on Transit seed 1
numpathcap: 10
12taking longer than: 30stopping this run
removing rib and fib entries for : 269
3456789101112131415161718192021222324252627282930313233343536373839404142434445464748495051525354555657585960616263646566676869707172737475767778798081828384858687888990919293949596979899100101102103104105106107108109110111112113114115116117118119120121122123124125126127128129130131132133134135136137138139140141142143144145146147148149150151152153154155156157158159160161162163164165RIB GRAPH 0.3 35239.254 ENDGRAPH ENDRIB
FIB GRAPH 0.3 22560.738 ENDGRAPH ENDFIB
totalRIbsize: 32681
totla bestpath nodes: 130019
totla bestpath tcost: 70308766

Testing on Transit seed 2
numpathcap: 10
123456789101112131415161718192021222324taking longer than: 30stopping this run
removing rib and fib entries for : 335
2526272829303132333435363738394041424344454647taking longer than: 30stopping this run
removing rib and fib entries for : 383
48495051525354555657585960616263646566676869707172737475767778798081828384858687888990919293949596979899100101102103104105106107108109110111112113114115116117118119120121122123124125126127128129130131132133134135136137138139140141142143144145146147148149150151152153154155156157158159160161162163164165RIB GRAPH 0.3 35066.664 ENDGRAPH ENDRIB
FIB GRAPH 0.3 20847.342 ENDGRAPH ENDFIB
totalRIbsize: 35994
totla bestpath nodes: 136301
totla bestpath tcost: 72049847

Testing on Transit seed 3
numpathcap: 10
123456789101112131415161718192021222324252627282930313233343536373839404142434445464748495051525354555657585960616263646566676869707172737475767778798081828384858687888990919293949596979899100101102taking longer than: 30stopping this run
removing rib and fib entries for : 452
103104105106107108109110111112113114115116117118119120121122123124125126127128129130131132133134135136137138139140141142143144145146147148149150151152153154155156157158159160161162163164165RIB GRAPH 0.3 50064.645 ENDGRAPH ENDRIB
FIB GRAPH 0.3 27037.154 ENDGRAPH ENDFIB
totalRIbsize: 48117
totla bestpath nodes: 150064
totla bestpath tcost: 78840462

Testing on Transit seed 4
numpathcap: 10
123456789101112131415161718192021222324252627282930313233343536373839404142434445464748495051525354555657585960616263646566676869707172737475767778798081828384858687888990919293949596979899100101102103104105106107108109110111112113114115116117118119120121122123124125126127128129130131132133134135136137138139140141142143144145146147148149150151152153taking longer than: 30stopping this run
removing rib and fib entries for : 492
154155156157158159160161162163164165RIB GRAPH 0.3 55238.72 ENDGRAPH ENDRIB
FIB GRAPH 0.3 28389.41 ENDGRAPH ENDFIB
totalRIbsize: 50507
totla bestpath nodes: 145779
totla bestpath tcost: 77325304

Testing on Transit seed 5
numpathcap: 10
123456789101112131415161718192021222324252627282930313233343536373839404142434445464748495051525354555657585960616263646566676869707172737475767778798081828384858687888990919293949596979899100101102103104105106107108109110111112113114115116117118119120121122123124125126127128129130131132133134135136137138139140141142143144145146147148149150151152153154155156157158159160161162163164165RIB GRAPH 0.3 56160.41 ENDGRAPH ENDRIB
FIB GRAPH 0.3 28557.182 ENDGRAPH ENDFIB
totalRIbsize: 52001
totla bestpath nodes: 153594
totla bestpath tcost: 84337514

Testing on Transit seed 6
numpathcap: 10
123456789101112131415161718192021222324252627282930313233343536373839404142434445464748495051525354555657585960616263646566676869707172737475767778798081828384858687888990919293949596979899100101102taking longer than: 30stopping this run
removing rib and fib entries for : 452
103104105106107108109110111112113114115116117118119120121122123124125126127128129130131132133134135136137138139140141142143144145146147148149150151152153154155156157158159160161162163164165RIB GRAPH 0.3 50818.3 ENDGRAPH ENDRIB
FIB GRAPH 0.3 26384.402 ENDGRAPH ENDFIB
totalRIbsize: 50162
totla bestpath nodes: 145052
totla bestpath tcost: 75239611

Testing on Transit seed 7
numpathcap: 10
123456789101112131415161718192021222324252627282930313233343536373839404142434445464748495051525354555657585960616263646566676869707172737475767778798081828384858687888990919293949596979899100101102103104105106107108109110111112113114115116117118119120121122123124125126127128129130131132133134135136137138139140141142143144145146147148149150151152153154155156157158159160161162163164165RIB GRAPH 0.3 56113.7 ENDGRAPH ENDRIB
FIB GRAPH 0.3 29022.248 ENDGRAPH ENDFIB
totalRIbsize: 51577
totla bestpath nodes: 146670
totla bestpath tcost: 77087303

Testing on Transit seed 8
numpathcap: 10
123456789101112131415161718192021222324252627282930313233343536373839404142434445464748495051525354555657585960616263646566676869707172737475767778798081828384858687888990919293949596979899100101102103104105106107108109110111112113114115116117118119120121122123124125126127128129130131132133134135136137138139140141142143144145146147148149150151152153154155156157158159160161162163164165RIB GRAPH 0.3 55595.69 ENDGRAPH ENDRIB
FIB GRAPH 0.3 28345.102 ENDGRAPH ENDFIB
totalRIbsize: 52206
totla bestpath nodes: 149477
totla bestpath tcost: 78911337

Testing on Transit seed 9
numpathcap: 10
123456789101112131415161718192021222324252627282930313233343536373839404142434445464748495051525354555657585960616263646566676869707172737475767778798081828384858687888990919293949596979899100101102103104105106107108109110111112113114115116117118119120121122123124125126127128129130131132133134135136137138139140141142143144145146147148149150151152153154155156157158159160161162163164165RIB GRAPH 0.3 56553.598 ENDGRAPH ENDRIB
FIB GRAPH 0.3 28695.477 ENDGRAPH ENDFIB
totalRIbsize: 52103
totla bestpath nodes: 147512
totla bestpath tcost: 77210210

Testing on Transit seed 10
numpathcap: 10
123456789101112131415161718192021222324252627282930313233343536373839404142434445464748495051525354555657585960616263646566676869707172737475767778798081828384858687888990919293949596979899100101102103104105106107108109110111112113114115116117118119120121122123124125126127128129130131132133134135136137138139140141142143144145146147148149150151152153154155156157158159160161162163164165RIB GRAPH 0.3 52979.953 ENDGRAPH ENDRIB
FIB GRAPH 0.3 26481.818 ENDGRAPH ENDFIB
totalRIbsize: 50594
totla bestpath nodes: 150712
totla bestpath tcost: 78211028

Testing for stub/transit percentage: 0.400000

Testing on Transit seed 1
numpathcap: 10
123456789101112131415161718192021222324252627282930313233343536373839404142434445464748taking longer than: 30stopping this run
removing rib and fib entries for : 385
495051525354555657585960616263646566676869707172737475767778798081828384858687888990919293949596979899100101102103104105106107108109110111112113114115116117118119120121122123124125126127128129130131132133134135136137138139140141142143144145146147148149150151152153154155156157158159160161162163164165RIB GRAPH 0.4 36929.71 ENDGRAPH ENDRIB
FIB GRAPH 0.4 23604.465 ENDGRAPH ENDFIB
totalRIbsize: 41571
totla bestpath nodes: 166696
totla bestpath tcost: 94392310

Testing on Transit seed 2
numpathcap: 10
123456789101112131415161718192021222324252627282930313233343536373839404142434445464748495051525354555657585960616263646566676869707172737475767778798081828384858687888990919293949596979899100101102103104105106107108109110111112113114115116117118119120121122123124125126127128129130131132133134135136137138139140141142143144145146147148149150151152153154155156157158159160161162163164165RIB GRAPH 0.4 51753.61 ENDGRAPH ENDRIB
FIB GRAPH 0.4 26380.11 ENDGRAPH ENDFIB
totalRIbsize: 69107
totla bestpath nodes: 220720
totla bestpath tcost: 116443718

Testing on Transit seed 3
numpathcap: 10
123456789101112131415161718192021222324252627282930313233343536373839404142434445464748495051525354555657585960616263646566676869707172737475767778798081828384858687888990919293949596979899100101102103104105106107108109110111112113114115116117118119120121122123124125126127128129130131132133134135136137138139140141142143144145146147148149150151152153154155156157158159160161162163164165RIB GRAPH 0.4 52435.055 ENDGRAPH ENDRIB
FIB GRAPH 0.4 27619.9 ENDGRAPH ENDFIB
totalRIbsize: 66989
totla bestpath nodes: 209425
totla bestpath tcost: 111990194

Testing on Transit seed 4
numpathcap: 10
123456789101112131415161718192021222324252627282930313233343536373839404142434445464748495051525354555657585960616263646566676869707172737475767778798081828384858687888990919293949596979899100101102103104105106107108109110111112113114115116117118119120121122123124125126127128129130131132133134135136137138139140141142143144145146147148149150151152153154155156157158159160161162163164165RIB GRAPH 0.4 58627.484 ENDGRAPH ENDRIB
FIB GRAPH 0.4 30560.12 ENDGRAPH ENDFIB
totalRIbsize: 69391
totla bestpath nodes: 219024
totla bestpath tcost: 125925821

Testing on Transit seed 5
numpathcap: 10
123456789101112131415161718192021222324252627282930313233343536373839404142434445464748495051525354555657585960616263646566676869707172737475767778798081828384858687888990919293949596979899100101102103104105106107108109110111112113114115116117118119120121122123124125126127128129130131132133134135136137138139140141142143144145146147148149150151152153154155156157158159160161162163164165RIB GRAPH 0.4 61791.88 ENDGRAPH ENDRIB
FIB GRAPH 0.4 32243.97 ENDGRAPH ENDFIB
totalRIbsize: 69135
totla bestpath nodes: 237917
totla bestpath tcost: 143882913

Testing on Transit seed 6
numpathcap: 10
123456789101112131415161718192021222324252627282930313233343536373839404142434445464748495051525354555657585960616263646566676869707172737475767778798081828384858687888990919293949596979899100101102103104105106107108109110111112113114115116117118119120121122123124125126127128129130131132133134135136137138139140141142143144145146147148149150151152153154155156157158159160161162163164165RIB GRAPH 0.4 56577.086 ENDGRAPH ENDRIB
FIB GRAPH 0.4 29572.814 ENDGRAPH ENDFIB
totalRIbsize: 69735
totla bestpath nodes: 212633
totla bestpath tcost: 116391954

Testing on Transit seed 7
numpathcap: 10
123456789101112131415161718192021222324252627282930313233343536373839404142434445464748495051525354555657585960616263646566676869707172737475767778798081828384858687888990919293949596979899100101102103104105106107108109110111112113114115116117118119120121122123124125126127128129130131132133134135136137138139140141142143144145146147148149150151152153154155156157158159160161162163164165RIB GRAPH 0.4 57564.85 ENDGRAPH ENDRIB
FIB GRAPH 0.4 30148.19 ENDGRAPH ENDFIB
totalRIbsize: 68538
totla bestpath nodes: 207176
totla bestpath tcost: 111718985

Testing on Transit seed 8
numpathcap: 10
123456789101112131415161718192021222324252627282930313233343536373839404142434445464748495051525354555657585960616263646566676869707172737475767778798081828384858687888990919293949596979899100101102103104105106107108109110111112113114115116117118119120121122123124125126127128129130131132133134135136137138139140141142143144145146147148149150151152153154155156157158159160161162163164165RIB GRAPH 0.4 56099.11 ENDGRAPH ENDRIB
FIB GRAPH 0.4 29699.42 ENDGRAPH ENDFIB
totalRIbsize: 68990
totla bestpath nodes: 205634
totla bestpath tcost: 110580061

Testing on Transit seed 9
numpathcap: 10
12345678910111213141516171819202122232425262728293031323334353637383940414243444546474849505152535455565758596061taking longer than: 30stopping this run
removing rib and fib entries for : 401
6263646566676869707172737475767778798081828384858687888990919293949596979899100101102103104105106107108109110111112113114115116117118119120121122123124125126127128129130131132133134135136137138139140141142143144145146147148149150151152153154155156157158159160161162163164165RIB GRAPH 0.4 25456.48 ENDGRAPH ENDRIB
FIB GRAPH 0.4 14439.74 ENDGRAPH ENDFIB
totalRIbsize: 29588
totla bestpath nodes: 106181
totla bestpath tcost: 59306021

Testing on Transit seed 10
numpathcap: 10
123456789101112131415161718192021222324252627282930313233343536373839404142434445464748495051525354555657585960616263646566676869707172737475767778798081828384858687888990919293949596979899100101102103104105106107108109110111112113114115116117118119120121122123124125126127128129130131132133134135136137138139140141142143144145146147148149150151152153154155156157158159160161162163164165RIB GRAPH 0.4 53318.523 ENDGRAPH ENDRIB
FIB GRAPH 0.4 27325.055 ENDGRAPH ENDFIB
totalRIbsize: 67735
totla bestpath nodes: 214402
totla bestpath tcost: 114199358

Testing for stub/transit percentage: 0.500000

Testing on Transit seed 1
numpathcap: 10
123456789101112131415161718192021222324252627282930313233343536373839404142434445464748495051525354555657585960616263646566676869707172737475767778798081828384858687888990919293949596979899100101102103104105106107108109110111112113114115116117118119120121122123124125126127128taking longer than: 30stopping this run
removing rib and fib entries for : 219
129130131132133134135136137138139140141142143144145146147148149150151152153154155156157158159160161162163164165RIB GRAPH 0.5 51099.082 ENDGRAPH ENDRIB
FIB GRAPH 0.5 27517.594 ENDGRAPH ENDFIB
totalRIbsize: 71503
totla bestpath nodes: 249477
totla bestpath tcost: 144194588

Testing on Transit seed 2
numpathcap: 10
123456789101112131415161718192021222324252627282930313233343536373839404142434445464748495051525354555657585960616263646566676869707172737475767778798081828384858687888990919293949596979899100101102103104105106107108109110111112113114115116117118119120121122123124125taking longer than: 30stopping this run
removing rib and fib entries for : 472
126127128129130131132133134135136137138139140141142143144145146147148149150151152153154155156157158159160161162163164165RIB GRAPH 0.5 43326.99 ENDGRAPH ENDRIB
FIB GRAPH 0.5 23010.502 ENDGRAPH ENDFIB
totalRIbsize: 67143
totla bestpath nodes: 238267
totla bestpath tcost: 133065356

Testing on Transit seed 3
numpathcap: 10
123456789101112131415161718192021222324252627282930313233343536373839404142434445464748495051525354555657585960616263646566676869707172737475767778798081828384858687888990919293949596979899100101102103104105106107108109110111112113114115116117118119120121122123124125126127128129130131132133134135136137138139140141142143144145146147148149150151152153154155156157158159160161162163164165RIB GRAPH 0.5 50012.945 ENDGRAPH ENDRIB
FIB GRAPH 0.5 25969.293 ENDGRAPH ENDFIB
totalRIbsize: 83689
totla bestpath nodes: 285945
totla bestpath tcost: 149785981

Testing on Transit seed 4
numpathcap: 10
123456789101112131415161718192021222324252627282930313233343536373839404142434445464748495051525354555657585960616263646566676869707172737475767778798081828384858687888990919293949596979899100101102103104105106107108109110111112113114115116117118119120121122123124125126127128129130131132133134135136137138139140141142143144145146147148149150151152153154155156157158159160161162163164165RIB GRAPH 0.5 59147.34 ENDGRAPH ENDRIB
FIB GRAPH 0.5 30392.863 ENDGRAPH ENDFIB
totalRIbsize: 85402
totla bestpath nodes: 281920
totla bestpath tcost: 164815329

Testing on Transit seed 5
numpathcap: 10
123456789101112131415161718192021222324252627282930313233343536373839404142434445464748495051525354555657585960616263646566676869707172737475767778798081828384858687888990919293949596979899100101102103104105106107108109110111112113114115116117118119120121122123124125126127128129130131132133134135136137138139140141142143144145146147148149150151152153154155156157158159160161162163164165RIB GRAPH 0.5 62607.973 ENDGRAPH ENDRIB
FIB GRAPH 0.5 34068.42 ENDGRAPH ENDFIB
totalRIbsize: 84852
totla bestpath nodes: 328393
totla bestpath tcost: 206402119

Testing on Transit seed 6
numpathcap: 10
123456789101112131415161718192021222324252627282930313233343536373839404142434445464748495051525354555657585960616263646566676869707172737475767778798081828384858687888990919293949596979899100101102103104105106107108109110111112113114115116117118119120121122123124125126127128129130131132133134135136137138139140141142143144145146147148149150151152153154155156157158159160161162163164165RIB GRAPH 0.5 60753.062 ENDGRAPH ENDRIB
FIB GRAPH 0.5 32534.988 ENDGRAPH ENDFIB
totalRIbsize: 85879
totla bestpath nodes: 284063
totla bestpath tcost: 165668123

Testing on Transit seed 7
numpathcap: 10
123456789101112131415161718192021222324252627282930313233343536373839404142434445464748495051525354555657585960616263646566676869707172737475767778798081828384858687888990919293949596979899100101102103104105106107108109110111112113114115116117118119120121122123124125126127128129130131132133134135136137138139140141142143144145146147148149150151152153154155156157158159160161162163164165RIB GRAPH 0.5 54488.73 ENDGRAPH ENDRIB
FIB GRAPH 0.5 27721.924 ENDGRAPH ENDFIB
totalRIbsize: 84587
totla bestpath nodes: 265932
totla bestpath tcost: 141705304

Testing on Transit seed 8
numpathcap: 10
123456789101112131415161718192021222324252627282930313233343536373839404142434445464748495051525354555657585960616263646566taking longer than: 30stopping this run
removing rib and fib entries for : 407
676869707172737475767778798081828384858687888990919293949596979899100101102103104105106107108109110111112113114115116117118119120121122123124125126127128129130131132133134135136137138139140141142143144145146147148149150151152153154155156157158159160161162163164165RIB GRAPH 0.5 38515.805 ENDGRAPH ENDRIB
FIB GRAPH 0.5 23039.582 ENDGRAPH ENDFIB
totalRIbsize: 57378
totla bestpath nodes: 221391
totla bestpath tcost: 122954914

Testing on Transit seed 9
numpathcap: 10
1234567891011121314151617181920212223242526272829303132333435taking longer than: 30stopping this run
removing rib and fib entries for : 350
36373839404142434445464748495051525354555657585960616263646566676869707172737475767778798081828384858687888990919293949596979899100101102103104105106107108109110111112113114115116117118119120121122123124125126127128129130131132133134135136137138139140141142143144145146147148149150151152153154155156157158159160161162163164165RIB GRAPH 0.5 17101.434 ENDGRAPH ENDRIB
FIB GRAPH 0.5 10364.093 ENDGRAPH ENDFIB
totalRIbsize: 25099
totla bestpath nodes: 112983
totla bestpath tcost: 64596699

Testing on Transit seed 10
numpathcap: 10
123456789101112131415161718192021222324252627282930313233343536373839404142434445464748495051525354555657585960616263646566676869707172737475767778798081828384858687888990919293949596979899100101102103104105106107108109110111112113114115116117118119120121122123124125126127128129130131132133134135136137138139140141142143144145146147148149150151152153154155156157158159160161162163164165RIB GRAPH 0.5 54765.78 ENDGRAPH ENDRIB
FIB GRAPH 0.5 28111.852 ENDGRAPH ENDFIB
totalRIbsize: 84303
totla bestpath nodes: 280573
totla bestpath tcost: 152290118

Testing for stub/transit percentage: 0.600000

Testing on Transit seed 1
numpathcap: 10
123456789101112131415161718192021222324252627282930313233343536taking longer than: 30stopping this run
removing rib and fib entries for : 353
373839404142434445464748495051525354555657585960616263646566676869707172737475767778798081828384858687888990919293949596979899100101102103104105106107108109110111112113114115116117118119120121122123124125126127128129130131132133134135136137138139140141142143144145146147148149150151152153154155156157158159160161162163164165RIB GRAPH 0.6 19392.344 ENDGRAPH ENDRIB
FIB GRAPH 0.6 12130.543 ENDGRAPH ENDFIB
totalRIbsize: 33272
totla bestpath nodes: 135982
totla bestpath tcost: 74985041

Testing on Transit seed 2
numpathcap: 10
123456789101112131415161718192021222324252627282930313233343536373839404142434445464748495051525354555657585960616263646566676869707172737475767778798081828384858687888990919293949596979899100101102103104105106107108109110111112113114115116117118119120121122123124125126127128129130131132133134135136137138139140141142143144145146147148149150151152153154155156157158159160161162163164165RIB GRAPH 0.6 54762.53 ENDGRAPH ENDRIB
FIB GRAPH 0.6 29223.557 ENDGRAPH ENDFIB
totalRIbsize: 102587
totla bestpath nodes: 378151
totla bestpath tcost: 219661062

Testing on Transit seed 3
numpathcap: 10
123456789101112131415161718192021222324252627282930313233343536373839404142434445464748495051525354555657585960616263646566676869707172737475767778798081828384858687888990919293949596979899100101102103104105106107108109110111112113114115116117118119120121122123124125126127128129130131132133134135136137138139140141142143144145146147148149150151152153154155156157158159160161162163164165RIB GRAPH 0.6 58569.62 ENDGRAPH ENDRIB
FIB GRAPH 0.6 31971.447 ENDGRAPH ENDFIB
totalRIbsize: 100980
totla bestpath nodes: 360429
totla bestpath tcost: 207246954

Testing on Transit seed 4
numpathcap: 10
12345678910111213141516171819202122232425262728293031323334353637383940414243444546474849505152535455565758596061626364656667686970717273747576777879808182838485868788899091929394959697taking longer than: 30stopping this run
removing rib and fib entries for : 449
9899100101102103104105106107108109110111112113114115116117118119120121122123124125126127128129130131132133134135136137138139140141142143144145146147148149150151152153154155156157158159160161162163164165RIB GRAPH 0.6 53812.535 ENDGRAPH ENDRIB
FIB GRAPH 0.6 30734.977 ENDGRAPH ENDFIB
totalRIbsize: 90351
totla bestpath nodes: 360920
totla bestpath tcost: 215207827

Testing on Transit seed 5
numpathcap: 10
123456789101112131415161718192021222324252627282930313233343536373839404142434445464748495051525354555657585960616263646566676869707172737475767778798081828384858687888990919293949596979899100101102103104105106107108109110111112113114115116117118119120121122123124125126127128129130131132133134135136137138139140141142143144145146147148149150151152153154155156157158159160161162163164165RIB GRAPH 0.6 67342.44 ENDGRAPH ENDRIB
FIB GRAPH 0.6 37570.395 ENDGRAPH ENDFIB
totalRIbsize: 101725
totla bestpath nodes: 411466
totla bestpath tcost: 266824992

Testing on Transit seed 6
numpathcap: 10
123456789101112131415161718192021222324252627282930313233343536373839404142434445464748495051525354555657585960616263646566676869707172737475767778798081828384858687888990919293949596979899100101102103104105106107108109110111112113114115116117118119120121122123124125126127128129130131132133134135136137138139140141142143144145146147148149150151152153154155156157158159160161162163164165RIB GRAPH 0.6 60598.047 ENDGRAPH ENDRIB
FIB GRAPH 0.6 32760.05 ENDGRAPH ENDFIB
totalRIbsize: 101882
totla bestpath nodes: 354516
totla bestpath tcost: 209616408

Testing on Transit seed 7
numpathcap: 10
123456789101112131415161718192021222324252627282930313233343536373839404142434445464748495051taking longer than: 30stopping this run
removing rib and fib entries for : 389
52535455565758596061626364656667686970717273747576777879808182838485868788899091929394taking longer than: 30stopping this run
removing rib and fib entries for : 445
9596979899100101102103104105106107108109110111112113114115116117118119120121122123124125126127128129130131132133134135136137138139140141142143144145146147148149150151152153154155156157158159160161162163164165RIB GRAPH 0.6 50193.812 ENDGRAPH ENDRIB
FIB GRAPH 0.6 26962.637 ENDGRAPH ENDFIB
totalRIbsize: 95316
totla bestpath nodes: 339653
totla bestpath tcost: 188676431

Testing on Transit seed 8
numpathcap: 10
123456789101112131415161718192021222324252627282930313233343536373839404142434445464748495051525354555657585960616263646566676869707172737475767778798081828384858687888990919293949596979899100101102103104105106107108109110111112113114115116117118119120121122123124125126127128129130131132133134135136137138139140141142143144145146147148149150151152153154155156157158159160161162163164165RIB GRAPH 0.6 60119.85 ENDGRAPH ENDRIB
FIB GRAPH 0.6 33137.65 ENDGRAPH ENDFIB
totalRIbsize: 101642
totla bestpath nodes: 346591
totla bestpath tcost: 200965573

Testing on Transit seed 9
numpathcap: 10
123456789101112131415161718192021222324252627282930313233343536373839404142434445464748495051525354555657585960616263646566676869707172737475767778798081828384858687888990919293949596979899100101102103104105106107108109110111112113114115116117118119120121122123124125taking longer than: 30stopping this run
removing rib and fib entries for : 472
126127128129130131132133134135136137138139140141142143144145146147148149150151152153154155156157158159160161162163164165RIB GRAPH 0.6 49412.727 ENDGRAPH ENDRIB
FIB GRAPH 0.6 27363.754 ENDGRAPH ENDFIB
totalRIbsize: 81151
totla bestpath nodes: 316509
totla bestpath tcost: 189779835

Testing on Transit seed 10
numpathcap: 10
123456789101112131415161718192021222324252627282930313233343536373839404142434445464748495051525354555657585960616263646566676869707172737475767778798081828384858687888990919293949596979899100101102103104105106107108109110111112113114115116117118119120121122123124125126127128129130131132133134135136137138139140141142143144145146147148149150151152153154155156157158159160161162163164165RIB GRAPH 0.6 54175.52 ENDGRAPH ENDRIB
FIB GRAPH 0.6 28835.7 ENDGRAPH ENDFIB
totalRIbsize: 101499
totla bestpath nodes: 403818
totla bestpath tcost: 239235175

Testing for stub/transit percentage: 0.700000

Testing on Transit seed 1
numpathcap: 10
123456789101112131415161718192021222324252627282930313233343536373839404142434445464748495051525354555657585960616263646566676869707172737475767778798081828384858687888990919293949596979899100101102103104105106107108109110111112113114115116117118119120121122123124125126127128129130131132133134135136137138139140141142143144145146147148149150151152153154155156157158159160161162163164165RIB GRAPH 0.7 66868.47 ENDGRAPH ENDRIB
FIB GRAPH 0.7 36209.703 ENDGRAPH ENDFIB
totalRIbsize: 117955
totla bestpath nodes: 438787
totla bestpath tcost: 265704418

Testing on Transit seed 2
numpathcap: 10
123456789101112131415161718192021222324252627282930313233343536373839404142434445464748495051525354555657585960616263646566676869707172737475767778798081828384858687888990919293949596979899100101102103104105106107108109110111112113114115116117118119120121122123124125126127128129130131132133134135136137138139140141142143144145146147148149150151152153154155156157158159160161162163164165RIB GRAPH 0.7 68361.45 ENDGRAPH ENDRIB
FIB GRAPH 0.7 38827.285 ENDGRAPH ENDFIB
totalRIbsize: 117930
totla bestpath nodes: 450209
totla bestpath tcost: 282670672

Testing on Transit seed 3
numpathcap: 10
123456789101112131415161718192021222324252627282930313233343536373839404142434445464748495051525354555657585960616263taking longer than: 30stopping this run
removing rib and fib entries for : 404
646566676869707172737475767778798081828384858687888990919293949596979899100101102103104105106107108109110111112113114115116117118119120121122123124125126127128129130131132133134135136137138139140141142143144145146147148149150151152153154155156157158159160161162163164165RIB GRAPH 0.7 44013.164 ENDGRAPH ENDRIB
FIB GRAPH 0.7 27442.61 ENDGRAPH ENDFIB
totalRIbsize: 90660
totla bestpath nodes: 405227
totla bestpath tcost: 239994597

Testing on Transit seed 4
numpathcap: 10
123456789101112131415161718192021222324252627282930313233343536373839404142434445464748495051525354555657585960616263646566676869707172737475767778798081828384858687888990919293949596979899100101102103104105106107108109110111112113114115116117118119120121122123124125126127128129130131132133134135136137138139140141142143144145146147148149150151152153154155156157158159160161162163164165RIB GRAPH 0.7 71287.85 ENDGRAPH ENDRIB
FIB GRAPH 0.7 39912.766 ENDGRAPH ENDFIB
totalRIbsize: 117542
totla bestpath nodes: 457318
totla bestpath tcost: 292500391

Testing on Transit seed 5
numpathcap: 10
123456789101112131415161718192021222324252627282930313233343536373839404142434445464748495051525354555657585960616263646566676869707172737475767778798081828384858687888990919293949596979899100101102103104105106107108109110111112113114115116117118119120121122123124125126127128129130131132133134135136137138139140141142143144145146147148149150151152153154155156157158159160161162163164165RIB GRAPH 0.7 69679.77 ENDGRAPH ENDRIB
FIB GRAPH 0.7 39349.77 ENDGRAPH ENDFIB
totalRIbsize: 117395
totla bestpath nodes: 507540
totla bestpath tcost: 335012983

Testing on Transit seed 6
numpathcap: 10
123456789101112131415161718192021222324252627282930313233343536373839404142434445464748495051525354555657585960616263646566676869707172737475767778798081828384858687888990919293949596979899100101102103104105106107108109110111112113114115116117118119120121122123124125126127128129130131132133taking longer than: 30stopping this run
removing rib and fib entries for : 224
134135136137138139140141142143144145146147148149150151152153154155156157158159160161162163164165RIB GRAPH 0.7 57950.918 ENDGRAPH ENDRIB
FIB GRAPH 0.7 33175.82 ENDGRAPH ENDFIB
totalRIbsize: 98579
totla bestpath nodes: 380728
totla bestpath tcost: 236618989

Testing on Transit seed 7
numpathcap: 10
1234567891011121314151617181920212223242526272829303132333435363738394041424344454647484950515253545556575859606162taking longer than: 30stopping this run
removing rib and fib entries for : 402
63646566676869707172737475767778798081828384858687888990919293949596979899100101102103104105106107108109110111112113114115116117118119120121122123124125126127128129130131132133134135136137138139140141142143144145146147148149150151152153154155156157158159160161162163164165RIB GRAPH 0.7 56478.12 ENDGRAPH ENDRIB
FIB GRAPH 0.7 31472.695 ENDGRAPH ENDFIB
totalRIbsize: 113701
totla bestpath nodes: 426948
totla bestpath tcost: 252086675

Testing on Transit seed 8
numpathcap: 10
1234567taking longer than: 30stopping this run
removing rib and fib entries for : 291
89101112131415161718192021222324252627282930313233343536373839404142434445464748495051525354555657585960616263646566676869707172737475767778798081828384858687888990919293949596979899100101102103104105106107108109110111112113114115116117118119120121122123124125126127128129130131132133134135136137138139140141142143144145146147148149150151152153154155156157158159160161162163164165RIB GRAPH 0.7 19457.707 ENDGRAPH ENDRIB
FIB GRAPH 0.7 14461.782 ENDGRAPH ENDFIB
totalRIbsize: 47086
totla bestpath nodes: 261062
totla bestpath tcost: 140556498

Testing on Transit seed 9
numpathcap: 10
123456789101112131415161718192021222324252627282930313233343536373839404142434445464748495051525354555657585960616263646566676869707172737475767778798081828384858687888990919293949596979899100101102103104105106107108109110111112113114115116117118119120121122123124125126127128129130131132133134135136137138139140141142143144145146147148149150151152153154155156157158159160161162163164165RIB GRAPH 0.7 70397.23 ENDGRAPH ENDRIB
FIB GRAPH 0.7 39674.867 ENDGRAPH ENDFIB
totalRIbsize: 117503
totla bestpath nodes: 466125
totla bestpath tcost: 303360532

Testing on Transit seed 10
numpathcap: 10
123456789101112131415161718192021222324252627282930313233343536373839404142taking longer than: 30stopping this run
removing rib and fib entries for : 368
434445464748495051525354555657585960616263646566676869707172737475767778798081828384858687888990919293949596979899100101102103104105106107108109110111112113114115116117118119120121122123124125126127128129130131132133134135136137138139140141142143144145146147148149150151152153154155156157158159160161162163164165RIB GRAPH 0.7 27022.105 ENDGRAPH ENDRIB
FIB GRAPH 0.7 17841.92 ENDGRAPH ENDFIB
totalRIbsize: 60303
totla bestpath nodes: 300879
totla bestpath tcost: 173954647

Testing for stub/transit percentage: 0.800000

Testing on Transit seed 1
numpathcap: 10
123456789101112131415161718192021222324252627282930313233343536373839404142434445464748495051525354555657585960616263646566676869707172737475767778798081828384858687888990919293949596979899100101102103104105106107108109110111112113114115116117118119120121122123124125126127128129130131132133134135136137138139140141142143144145146147148149150151152153154155156157158159160161162163164165RIB GRAPH 0.8 74531.63 ENDGRAPH ENDRIB
FIB GRAPH 0.8 43333.055 ENDGRAPH ENDFIB
totalRIbsize: 133688
totla bestpath nodes: 563867
totla bestpath tcost: 383067796

Testing on Transit seed 2
numpathcap: 10
123456789101112131415161718192021222324252627282930313233343536373839404142434445464748495051525354555657585960616263646566676869707172737475767778798081828384858687888990919293949596979899100101102103104105106107108109110111112113114115116117118119120121122123124125126127128129130131132133134135136137138139140141142143144145146147148149150151152153154155156157158159160161162163164165RIB GRAPH 0.8 75870.88 ENDGRAPH ENDRIB
FIB GRAPH 0.8 44098.113 ENDGRAPH ENDFIB
totalRIbsize: 134691
totla bestpath nodes: 533043
totla bestpath tcost: 346701471

Testing on Transit seed 3
numpathcap: 10
123456789101112131415161718192021222324252627282930313233343536373839404142434445464748495051525354555657585960616263646566676869707172737475767778798081828384858687888990919293949596979899100101102103104105106107108109110111112113114115116117118119120121122123124125126127128129130131132133134135136137138139140141142143144145146147148149150151152153154155156157158159160161162163164165RIB GRAPH 0.8 78908.31 ENDGRAPH ENDRIB
FIB GRAPH 0.8 46491.28 ENDGRAPH ENDFIB
totalRIbsize: 134135
totla bestpath nodes: 534854
totla bestpath tcost: 351134768

Testing on Transit seed 4
numpathcap: 10
123456789101112131415161718192021222324252627282930313233343536373839404142434445464748495051525354555657585960616263646566676869707172737475767778798081828384858687888990919293949596979899100101102103104105106107108109110111112113114115116117118119120121122123124125126127128129130131132133134135136137138139140141142143144145146147148149150151152153154155156157158159160161162163164165RIB GRAPH 0.8 80780.37 ENDGRAPH ENDRIB
FIB GRAPH 0.8 47529.25 ENDGRAPH ENDFIB
totalRIbsize: 134076
totla bestpath nodes: 562810
totla bestpath tcost: 395803747

Testing on Transit seed 5
numpathcap: 10
123456789101112131415161718192021222324252627282930313233343536373839404142434445464748495051525354555657585960616263646566676869707172737475767778798081828384858687888990919293949596979899100101102103104105106107108109110111112113114115116117118119120121122123124125126127128129130131132133134135136137138139140141142143144145146147148149150151152153154155156157158159160161162163164165RIB GRAPH 0.8 72040.66 ENDGRAPH ENDRIB
FIB GRAPH 0.8 42253.16 ENDGRAPH ENDFIB
totalRIbsize: 134162
totla bestpath nodes: 579038
totla bestpath tcost: 395948353

Testing on Transit seed 6
numpathcap: 10
123456789101112131415161718192021222324taking longer than: 30stopping this run
removing rib and fib entries for : 335
252627282930313233343536373839404142434445464748495051525354555657585960616263646566676869707172737475767778798081828384858687888990919293949596979899100101102103104105106107108109110111112113114115116117118119120121122123124125126127128129130131132133134135136137138139140141142143144145146147148149150151152153154155156157158159160161162163164165RIB GRAPH 0.8 16198.265 ENDGRAPH ENDRIB
FIB GRAPH 0.8 10746.685 ENDGRAPH ENDFIB
totalRIbsize: 28009
totla bestpath nodes: 123401
totla bestpath tcost: 73309367

Testing on Transit seed 7
numpathcap: 10
123456taking longer than: 30stopping this run
removing rib and fib entries for : 282
789101112131415161718192021222324252627282930313233343536373839404142434445464748495051525354555657585960616263646566676869707172737475767778798081828384858687888990919293949596979899100101102103104105106107108109110111112113114115116117118119120121122123124125126127128129130131132133134135136137138139140141142143144145146147148149150151152153154155156157158159160161162163164165RIB GRAPH 0.8 43911.766 ENDGRAPH ENDRIB
FIB GRAPH 0.8 30328.105 ENDGRAPH ENDFIB
totalRIbsize: 88362
totla bestpath nodes: 485339
totla bestpath tcost: 300996471

Testing on Transit seed 8
numpathcap: 10
1234567891011121314151617181920212223242526272829303132333435363738394041424344454647484950515253545556575859606162636465666768697071727374757677787980818283848586878889taking longer than: 30stopping this run
removing rib and fib entries for : 437
90919293949596979899100101102103104105106107108109110111112113114115116117118119120121122123124125126127128129130131132133134135136137138139140141142143144145146147148149150151152153154155156157158159160161162163164165RIB GRAPH 0.8 53089.59 ENDGRAPH ENDRIB
FIB GRAPH 0.8 32956.266 ENDGRAPH ENDFIB
totalRIbsize: 105777
totla bestpath nodes: 489196
totla bestpath tcost: 302229616

Testing on Transit seed 9
numpathcap: 10
123456789101112131415161718192021222324252627282930313233343536373839404142434445464748495051525354555657585960616263646566676869707172737475767778798081828384858687888990919293949596979899100101102103104105106107108109110111112113114115116117118119120121122123124125126127128129130131132133134135136137138139140141142143144145146147148149150151152153154155156157158159160161162163164165RIB GRAPH 0.8 80639.83 ENDGRAPH ENDRIB
FIB GRAPH 0.8 47676.855 ENDGRAPH ENDFIB
totalRIbsize: 133842
totla bestpath nodes: 550112
totla bestpath tcost: 377451852

Testing on Transit seed 10
numpathcap: 10
123456789101112131415161718192021222324252627282930313233343536373839404142434445464748495051525354555657585960616263646566676869707172737475767778798081828384858687888990919293949596979899100101102103104105106107108109110111112113114115116117118119120121122123124125126127128129130131132133134135136137138139140141142143144145146147148149150151152153154155156157158159160161162163164165RIB GRAPH 0.8 65411.324 ENDGRAPH ENDRIB
FIB GRAPH 0.8 37992.19 ENDGRAPH ENDFIB
totalRIbsize: 133979
totla bestpath nodes: 590320
totla bestpath tcost: 387882104

Testing for stub/transit percentage: 0.900000

Testing on Transit seed 1
numpathcap: 10
123456789101112131415161718192021222324252627282930313233343536373839404142434445464748495051525354555657585960616263646566676869707172737475767778798081828384858687888990919293949596979899100101102103104105106107108109110111112113114115116117118119120121122123124125126127128129130131132133134135136137138139140141142143144145146147148149150151152153154155156157158159160161162163164165RIB GRAPH 0.9 85277.805 ENDGRAPH ENDRIB
FIB GRAPH 0.9 51178.953 ENDGRAPH ENDFIB
totalRIbsize: 150052
totla bestpath nodes: 635121
totla bestpath tcost: 443768966

Testing on Transit seed 2
numpathcap: 10
123456789101112131415161718192021222324252627282930313233343536373839404142434445464748495051525354555657585960616263646566676869707172737475767778798081828384858687888990919293949596979899100101102103104105106107108109110111112113114115116117118119120121122123124125126127128129130131132133134135136137138139140141142143144145146147148149150151152153154155156157158159160161162163164165RIB GRAPH 0.9 96909.69 ENDGRAPH ENDRIB
FIB GRAPH 0.9 58960.41 ENDGRAPH ENDFIB
totalRIbsize: 150089
totla bestpath nodes: 654360
totla bestpath tcost: 475049988

Testing on Transit seed 3
numpathcap: 10
1234567891011121314151617181920212223242526272829303132333435363738394041424344taking longer than: 30stopping this run
removing rib and fib entries for : 372
45464748495051525354555657585960616263646566676869707172737475767778798081828384858687888990919293949596979899100101102103104105106107108109110111112113114115116117118119120121122123124125126127128129130131132133134135136137138139140141142143144145146147148149150151152153154155156157158159160161162163164165RIB GRAPH 0.9 28597.824 ENDGRAPH ENDRIB
FIB GRAPH 0.9 18845.305 ENDGRAPH ENDFIB
totalRIbsize: 55979
totla bestpath nodes: 277443
totla bestpath tcost: 172417231

Testing on Transit seed 4
numpathcap: 10
123456789101112131415161718192021222324252627282930313233343536373839404142434445464748495051525354555657585960616263646566676869707172737475767778798081828384858687888990919293949596979899100101102103104105106107108109110111112113114115116117118119120121122123124125126127128129130131132133134135136137138139140141142143144145146147148149150151152153154155156157158159160161162163164165RIB GRAPH 0.9 94294.17 ENDGRAPH ENDRIB
FIB GRAPH 0.9 57330.434 ENDGRAPH ENDFIB
totalRIbsize: 149908
totla bestpath nodes: 659044
totla bestpath tcost: 478473017

Testing on Transit seed 5
numpathcap: 10
123456789101112131415161718192021222324252627282930313233343536373839404142434445464748495051525354555657585960616263646566676869707172737475767778798081828384858687888990919293949596979899100101102103104105106107108109110111112113114115116117118119120121122123124125126127128129130131132133134135136137138139140141142143144145146147148149150151152153154155156157158159160161162163164165RIB GRAPH 0.9 92735.695 ENDGRAPH ENDRIB
FIB GRAPH 0.9 56643.375 ENDGRAPH ENDFIB
totalRIbsize: 150184
totla bestpath nodes: 696069
totla bestpath tcost: 508015368

Testing on Transit seed 6
numpathcap: 10
123456789101112131415161718192021222324taking longer than: 30stopping this run
removing rib and fib entries for : 335
252627282930313233343536373839404142434445464748495051525354555657585960616263646566676869707172737475767778798081828384858687888990919293949596979899100101102103104105106107108109110111112113114115116117118119120121122123124125126127128129130131132133134135136137138139140141142143144145146147148149150151152153154155156157158159160161162163164165RIB GRAPH 0.9 25804.986 ENDGRAPH ENDRIB
FIB GRAPH 0.9 18881.154 ENDGRAPH ENDFIB
totalRIbsize: 47701
totla bestpath nodes: 255132
totla bestpath tcost: 153048091

Testing on Transit seed 7
numpathcap: 10
1234567891011121314151617181920212223242526272829303132333435363738394041424344454647484950taking longer than: 30stopping this run
removing rib and fib entries for : 387
51525354555657585960616263646566676869707172737475767778798081828384858687888990919293949596979899100101102103104105106107108109110111112113114115116117118119120121122123124125126127128129130131132133134135136137138139140141142143144145146147148149150151152153154155156157158159160161162163164165RIB GRAPH 0.9 28153.148 ENDGRAPH ENDRIB
FIB GRAPH 0.9 18623.48 ENDGRAPH ENDFIB
totalRIbsize: 56615
totla bestpath nodes: 261116
totla bestpath tcost: 162662508

Testing on Transit seed 8
numpathcap: 10
123taking longer than: 30stopping this run
removing rib and fib entries for : 276
4567891011121314151617181920212223242526272829303132333435363738394041424344taking longer than: 30stopping this run
removing rib and fib entries for : 372
45464748495051525354555657585960616263646566676869707172737475767778798081828384858687888990919293949596979899100101102103104105106107108109110111112113114115116117118119120121122123124125126127128129130131132133134135136137138139140141142143144145146147148149150151152153154155156157158159160161162163164165RIB GRAPH 0.9 33832.066 ENDGRAPH ENDRIB
FIB GRAPH 0.9 23380.908 ENDGRAPH ENDFIB
totalRIbsize: 76781
totla bestpath nodes: 403985
totla bestpath tcost: 247256971

Testing on Transit seed 9
numpathcap: 10
123456789101112131415161718192021222324252627282930313233343536373839404142434445464748495051525354555657585960616263646566676869707172737475767778798081828384858687888990919293949596979899100101102103104105106107108109110111112113114115116117118119120121122123124125126127128129130131132133134135136137138139140141142143144145146147148149150151152153154155156157158159160161162163164165RIB GRAPH 0.9 102913.164 ENDGRAPH ENDRIB
FIB GRAPH 0.9 63385.566 ENDGRAPH ENDFIB
totalRIbsize: 149916
totla bestpath nodes: 650962
totla bestpath tcost: 480254606

Testing on Transit seed 10
numpathcap: 10
123456789101112131415161718192021222324252627282930313233343536373839404142434445464748495051525354555657585960616263646566676869707172737475767778798081828384858687888990919293949596979899100101102103104105106107108109110111112113114115116117118119120121122123124125126127128129130131132133134135136137138139140141142143144145146147148149150151152153154155156157158159160161162163164165RIB GRAPH 0.9 96522.11 ENDGRAPH ENDRIB
FIB GRAPH 0.9 58846.434 ENDGRAPH ENDFIB
totalRIbsize: 150114
totla bestpath nodes: 688459
totla bestpath tcost: 498552869
numpathcap: 10
123456789101112131415161718192021222324252627282930313233343536373839404142434445464748495051525354555657585960616263646566676869707172737475767778798081828384858687888990919293949596979899100101102103104105106107108109110111112113114115116117118119120121122123124125126127128129130131132133134135136137138139140141142143144145146147148149150151152153154155156157158159160161162163164165RIB GRAPH 1.0 116782.375 ENDGRAPH ENDRIB
FIB GRAPH 1.0 73128.57 ENDGRAPH ENDFIB
totalRIbsize: 167061
totla bestpath nodes: 697156
totla bestpath tcost: 520473841
