arg1 is the astypes to generate, 501-wiser, 504 sbgp, 505 bw
arg2 is the sim to perform in the simulator
arg3 is where to monitor in the simulator, participating 0, all 1, gulf 2
arg4 is whether to use bandwidth numbers in the simulator
arg5 is what metric to use RIBMETRIC 0, FIBMETRIC 1
505 5 0 1 1astypes.txt

Testing for stub/transit percentage: 0.100000

Testing on Transit seed 1
123456789101112131415161718192021222324252627282930313233343536373839404142434445464748495051525354555657585960616263646566676869707172737475767778798081828384858687888990919293949596979899100101102103104105106107108109110111112113114115116117118119120121122123124125126127128129130131132133134135136137138139140141142143144145146147148149150151152153154155156157158159160161162163164165GRAPH 0.1 38254.85 ENDGRAPH
totalRIbsize: 17048
totla bestpath nodes: 45854
totla bestpath tcost: 23034591

Testing on Transit seed 2
123456789101112131415161718192021222324252627282930313233343536373839404142434445464748495051525354555657585960616263646566676869707172737475767778798081828384858687888990919293949596979899100101102103104105106107108109110111112113114115116117118119120121122123124125126127128129130131132133134135136137138139140141142143144145146147148149150151152153154155156157158159160161162163164165GRAPH 0.1 40378.207 ENDGRAPH
totalRIbsize: 17733
totla bestpath nodes: 44957
totla bestpath tcost: 23142002

Testing on Transit seed 3
123456789101112131415161718192021222324252627282930313233343536373839404142434445464748495051525354555657585960616263646566676869707172737475767778798081828384858687888990919293949596979899100101102103104105106107108109110111112113114115116117118119120121122123124125126127128129130131132133134135136137138139140141142143144145146147148149150151152153154155156157158159160161162163164165GRAPH 0.1 47095.152 ENDGRAPH
totalRIbsize: 16356
totla bestpath nodes: 44616
totla bestpath tcost: 23665626

Testing on Transit seed 4
123456789101112131415161718192021222324252627282930313233343536373839404142434445464748495051525354555657585960616263646566676869707172737475767778798081828384858687888990919293949596979899100101102103104105106107108109110111112113114115116117118119120121122123124125126127128129130131132133134135136137138139140141142143144145146147148149150151152153154155156157158159160161162163164165GRAPH 0.1 43618.12 ENDGRAPH
totalRIbsize: 16497
totla bestpath nodes: 45088
totla bestpath tcost: 23782783

Testing on Transit seed 5
123456789101112131415161718192021222324252627282930313233343536373839404142434445464748495051525354555657585960616263646566676869707172737475767778798081828384858687888990919293949596979899100101102103104105106107108109110111112113114115116117118119120121122123124125126127128129130131132133134135136137138139140141142143144145146147148149150151152153154155156157158159160161162163164165GRAPH 0.1 40450.574 ENDGRAPH
totalRIbsize: 17767
totla bestpath nodes: 44574
totla bestpath tcost: 23055448

Testing on Transit seed 6
123456789101112131415161718192021222324252627282930313233343536373839404142434445464748495051525354555657585960616263646566676869707172737475767778798081828384858687888990919293949596979899100101102103104105106107108109110111112113114115116117118119120121122123124125126127128129130131132133134135136137138139140141142143144145146147148149150151152153154155156157158159160161162163164165GRAPH 0.1 37618.152 ENDGRAPH
totalRIbsize: 17707
totla bestpath nodes: 44642
totla bestpath tcost: 22315922

Testing on Transit seed 7
123456789101112131415161718192021222324252627282930313233343536373839404142434445464748495051525354555657585960616263646566676869707172737475767778798081828384858687888990919293949596979899100101102103104105106107108109110111112113114115116117118119120121122123124125126127128129130131132133134135136137138139140141142143144145146147148149150151152153154155156157158159160161162163164165GRAPH 0.1 39028.453 ENDGRAPH
totalRIbsize: 17194
totla bestpath nodes: 44930
totla bestpath tcost: 22739564

Testing on Transit seed 8
123456789101112131415161718192021222324252627282930313233343536373839404142434445464748495051525354555657585960616263646566676869707172737475767778798081828384858687888990919293949596979899100101102103104105106107108109110111112113114115116117118119120121122123124125126127128129130131132133134135136137138139140141142143144145146147148149150151152153154155156157158159160161162163164165GRAPH 0.1 39397.574 ENDGRAPH
totalRIbsize: 16524
totla bestpath nodes: 45565
totla bestpath tcost: 23055721

Testing on Transit seed 9
123456789101112131415161718192021222324252627282930313233343536373839404142434445464748495051525354555657585960616263646566676869707172737475767778798081828384858687888990919293949596979899100101102103104105106107108109110111112113114115116117118119120121122123124125126127128129130131132133134135136137138139140141142143144145146147148149150151152153154155156157158159160161162163164165GRAPH 0.1 38231.848 ENDGRAPH
totalRIbsize: 16397
totla bestpath nodes: 44904
totla bestpath tcost: 23002646

Testing on Transit seed 10
123456789101112131415161718192021222324252627282930313233343536373839404142434445464748495051525354555657585960616263646566676869707172737475767778798081828384858687888990919293949596979899100101102103104105106107108109110111112113114115116117118119120121122123124125126127128129130131132133134135136137138139140141142143144145146147148149150151152153154155156157158159160161162163164165GRAPH 0.1 41764.03 ENDGRAPH
totalRIbsize: 16527
totla bestpath nodes: 44849
totla bestpath tcost: 22884773

Testing for stub/transit percentage: 0.200000

Testing on Transit seed 1
123456789101112131415161718192021222324252627282930313233343536373839404142434445464748495051525354555657585960616263646566676869707172737475767778798081828384858687888990919293949596979899100101102103104105106107108109110111112113114115116taking longer than: 20secs exiting

Testing on Transit seed 2
123456789101112131415161718192021222324252627282930313233343536373839404142434445464748495051525354555657585960616263646566676869707172737475767778798081828384858687888990919293949596979899100101102103104105106107108109110111112113114115116117118119120121122123124125126127128129130131132133134135136137138139140141142143144145146147148149150151152153154155156157158159160161162163164165GRAPH 0.2 41181.4 ENDGRAPH
totalRIbsize: 35366
totla bestpath nodes: 95694
totla bestpath tcost: 49383246

Testing on Transit seed 3
123456789101112131415161718192021222324252627282930313233343536373839404142434445464748495051525354555657585960616263646566676869707172737475767778798081828384858687888990919293949596979899100101102103104105106107108109110111112113114115116117118119120121122123124125126127128129130131132133134135136137138139140141142143144145146147148149150151152153154155156157158159160161162163164165GRAPH 0.2 42536.195 ENDGRAPH
totalRIbsize: 33835
totla bestpath nodes: 95496
totla bestpath tcost: 49843059

Testing on Transit seed 4
123456789101112131415161718192021222324252627282930313233343536373839404142434445464748495051525354555657585960616263646566676869707172737475767778798081828384858687888990919293949596979899100101102103104105106107108109110111112113114115116117118119120121122123124125126127128129130131132133134135136137138139140141142143144145146147148149150151152153154155156157158159160161162163164165GRAPH 0.2 43078.03 ENDGRAPH
totalRIbsize: 34535
totla bestpath nodes: 94622
totla bestpath tcost: 49703115

Testing on Transit seed 5
123456789101112131415161718192021222324252627282930313233343536373839404142434445464748495051525354555657585960616263646566676869707172737475767778798081828384858687888990919293949596979899100101102103104105106107108109110111112113114115116117118119120121122123124125126127128129130131132133134135136137138139140141142143144145146147148149150151152153154155156157158159160161162163164165GRAPH 0.2 40996.41 ENDGRAPH
totalRIbsize: 34493
totla bestpath nodes: 94424
totla bestpath tcost: 49784244

Testing on Transit seed 6
123456789101112131415161718192021222324252627282930313233343536373839404142434445464748495051525354555657585960616263646566676869707172737475767778798081828384858687888990919293949596979899100101102103104105106107108109110111112113114115116117118119120121122123124125126127128129130131132133134135136137138139140141142143144145146147148149150151152153154155156157158159160161162163164165GRAPH 0.2 39584.117 ENDGRAPH
totalRIbsize: 34921
totla bestpath nodes: 92874
totla bestpath tcost: 47918945

Testing on Transit seed 7
123456789101112131415161718192021222324252627282930313233343536373839404142434445464748495051525354555657585960616263646566676869707172737475767778798081828384858687888990919293949596979899100101102103104105106107108109110111112113114115116117118119120121122123124125126127128129130131132133134135136137138139140141142143144145146147148149150151152153154155156157158159160161162163164165GRAPH 0.2 41568.074 ENDGRAPH
totalRIbsize: 34489
totla bestpath nodes: 94094
totla bestpath tcost: 48588604

Testing on Transit seed 8
123456789101112131415161718192021222324252627282930313233343536373839404142434445464748495051525354555657585960616263646566676869707172737475767778798081828384858687888990919293949596979899100101102103104105106107108109110111112113114115116117118119120121122123124125126127128129130131132133134135136137138139140141142143144145146147148149150151152153154155156157158159160161162163164165GRAPH 0.2 37712.598 ENDGRAPH
totalRIbsize: 33704
totla bestpath nodes: 95243
totla bestpath tcost: 48112289

Testing on Transit seed 9
123456789101112131415161718192021222324252627282930313233343536373839404142434445464748495051525354555657585960616263646566676869707172737475767778798081828384858687888990919293949596979899100101102103104105106107108109110111112113114115116117118119120121122123124125126127128129130131132133134135136137138139140141142143144145146147148149150151152153154155156157158159160161162163164165GRAPH 0.2 39252.4 ENDGRAPH
totalRIbsize: 34380
totla bestpath nodes: 93747
totla bestpath tcost: 48444153

Testing on Transit seed 10
123456789101112131415161718192021222324252627282930313233343536373839404142434445464748495051525354555657585960616263646566676869707172737475767778798081828384858687888990919293949596979899100101102103104105106107108109110111112113114115116117118119120121122123124125126127128129130131132133134135136137138139140141142143144145146147148149150151152153154155156157158159160161162163164165GRAPH 0.2 42216.824 ENDGRAPH
totalRIbsize: 33711
totla bestpath nodes: 95076
totla bestpath tcost: 49082928

Testing for stub/transit percentage: 0.300000

Testing on Transit seed 1
12345678910111213141516171819202122232425262728293031323334353637383940414243444546474849505152535455565758596061626364656667686970717273taking longer than: 20secs exiting

Testing on Transit seed 2
12345678910111213141516171819202122232425262728293031323334taking longer than: 20secs exiting

Testing on Transit seed 3
123456789101112131415161718192021222324252627282930313233343536373839404142434445464748495051525354555657585960616263646566676869707172737475767778798081828384858687888990919293949596979899100101102103104105106107108109110111112113114115116117118119120121122123124125126127128129130131132133134135136137138139140141142143144145146147148149150151152153154155156157158159160161162163164165GRAPH 0.3 41355.23 ENDGRAPH
totalRIbsize: 50150
totla bestpath nodes: 148151
totla bestpath tcost: 77237992

Testing on Transit seed 4
123456789101112131415161718192021222324252627282930313233343536373839404142434445464748495051525354555657585960616263646566676869707172737475767778798081828384858687888990919293949596979899100101102103104105106107108109110111112113114115116117118119120121122123124125126127128129130131132133134135136137138139140141142143144145146147148149150151152153154155156157158159160161162163164165GRAPH 0.3 42752.98 ENDGRAPH
totalRIbsize: 51742
totla bestpath nodes: 146646
totla bestpath tcost: 77436339

Testing on Transit seed 5
12taking longer than: 20secs exiting

Testing on Transit seed 6
123456789101112131415161718192021222324252627282930313233343536373839404142434445464748495051525354555657585960616263646566676869707172737475767778798081828384858687888990919293949596979899100101102103104105106107108109110111112113114115116117118119120121122123124125126127128129130131132133134135136137138139140141142143144145146147148149150151152153154155156157158159160161162163164165GRAPH 0.3 40173.96 ENDGRAPH
totalRIbsize: 51933
totla bestpath nodes: 145060
totla bestpath tcost: 75575419

Testing on Transit seed 7
123456789101112131415161718192021222324252627282930taking longer than: 20secs exiting

Testing on Transit seed 8
123456789101112131415161718192021222324252627282930313233343536373839404142434445464748495051525354555657585960616263646566676869707172737475767778798081828384858687888990919293949596979899100101102103104105106107108109110111112113114115116117118119120121122123124125126127128129130131132133134135136137138139140141142143144145146147148149150151152153154155156157158159160161162163164165GRAPH 0.3 42263.71 ENDGRAPH
totalRIbsize: 52182
totla bestpath nodes: 149331
totla bestpath tcost: 78737474

Testing on Transit seed 9
123456789101112131415161718192021222324252627282930313233343536373839404142434445464748495051525354555657585960616263646566676869707172737475767778798081828384858687888990919293949596979899100101102103104105106107108109110111112113114115116117118119120121122123124125126127128129130131132133134135136137138139140141142143144145146147148149150151152153154155156157158159160161162163164165GRAPH 0.3 42437.24 ENDGRAPH
totalRIbsize: 52076
totla bestpath nodes: 147009
totla bestpath tcost: 77104442

Testing on Transit seed 10
123456789101112131415161718192021222324252627282930313233343536373839404142434445464748495051525354555657585960616263646566676869707172737475767778798081828384858687888990919293949596979899100101102103104105106107108109110111112113114115116117118119120121122123124125126127128129130131132133134135136137138139140141142143144145146147148149150151152153154155156157158159160161162163164165GRAPH 0.3 38695.07 ENDGRAPH
totalRIbsize: 50531
totla bestpath nodes: 150562
totla bestpath tcost: 77815691

Testing for stub/transit percentage: 0.400000

Testing on Transit seed 1
123456taking longer than: 20secs exiting

Testing on Transit seed 2
123456789101112131415161718192021222324252627282930313233343536373839404142434445464748495051525354555657585960616263646566taking longer than: 20secs exiting

Testing on Transit seed 3
123456789101112131415161718192021222324252627282930313233343536373839404142434445464748495051525354555657585960616263646566676869707172737475767778798081828384858687888990919293949596979899100101102103104105106107108109110111112113114115116117118119120121122123124125126127128129130131132133134135136137138139140141142143144145146147148149150151152153154155156157158159160161162163164165GRAPH 0.4 40756.164 ENDGRAPH
totalRIbsize: 67000
totla bestpath nodes: 209774
totla bestpath tcost: 111883467

Testing on Transit seed 4
123456789101112131415161718192021222324252627282930313233343536373839404142434445464748495051525354555657585960616263646566676869707172737475767778798081828384858687888990919293949596979899100101102103104105106107108109110111112113114115116117118119120121122123124125126127128129130131132133134135136137138139140141142143144145146147148149150151152153154155156157158159160161162163164165GRAPH 0.4 43704.25 ENDGRAPH
totalRIbsize: 69365
totla bestpath nodes: 221729
totla bestpath tcost: 126819258

Testing on Transit seed 5
12345678910111213141516171819202122232425262728293031323334353637383940414243444546474849505152535455taking longer than: 20secs exiting

Testing on Transit seed 6
12345678910111213141516171819202122232425262728293031323334353637383940414243444546474849505152taking longer than: 20secs exiting

Testing on Transit seed 7
123456789101112131415161718192021222324252627282930313233343536373839404142434445464748495051525354555657585960616263646566676869707172737475767778798081828384858687888990919293949596979899100101102103104105106107108109110111112113114115116117118119120121122123124125126127128129130131132133134135136137138139140141142143144145146147148149150151152153154155156157158159160161162163164165GRAPH 0.4 44548.406 ENDGRAPH
totalRIbsize: 68529
totla bestpath nodes: 207699
totla bestpath tcost: 111669397

Testing on Transit seed 8
123456789101112131415161718192021222324252627282930313233343536373839404142434445464748495051525354555657585960616263646566676869707172737475767778798081828384858687888990919293949596979899100101102103104105106107108109110111112113114115116117118119120121122123124125126127128129130131132133134135136137138139140141142143144145146147148149150151152153154155156157158159160161162163164165GRAPH 0.4 44571.664 ENDGRAPH
totalRIbsize: 69001
totla bestpath nodes: 205871
totla bestpath tcost: 111205246

Testing on Transit seed 9
12345678910111213141516171819202122232425262728293031taking longer than: 20secs exiting

Testing on Transit seed 10
123456789101112131415161718192021222324252627282930313233343536373839404142434445464748495051525354555657585960616263646566676869707172737475767778798081828384858687888990919293949596979899100101102103104105106107108109110111112113114115116117118119120121122123124125126127128129130131132133134135136137138139140141142143144145146147148149150151152153154155156157158159160161162163164165GRAPH 0.4 40208.992 ENDGRAPH
totalRIbsize: 67655
totla bestpath nodes: 211886
totla bestpath tcost: 112244097

Testing for stub/transit percentage: 0.500000

Testing on Transit seed 1
12345678910111213141516171819202122232425262728293031323334353637383940414243444546474849505152535455565758596061626364taking longer than: 20secs exiting

Testing on Transit seed 2
123456789101112131415161718192021222324252627282930313233343536373839404142434445464748495051525354555657585960616263646566676869707172737475767778798081828384858687888990919293949596979899100101102103104105106107108109110111112113114115116117118119120121122123124125126127128129130131132133134135136137138139140141142143144145146147148149150151152153154155156157158159160161162163164165GRAPH 0.5 41081.492 ENDGRAPH
totalRIbsize: 85677
totla bestpath nodes: 287302
totla bestpath tcost: 159925273

Testing on Transit seed 3
123456789101112131415161718192021222324252627282930313233343536373839404142434445464748495051525354555657585960616263646566676869707172737475767778798081828384858687888990919293949596979899100101102103104105106107108109110111112113114115116117118119120121122123124125126127128129130131132133134135136137138139140141142143144145146147148149150151152153154155156157158159160161162163164165GRAPH 0.5 39632.336 ENDGRAPH
totalRIbsize: 83641
totla bestpath nodes: 282497
totla bestpath tcost: 148320479

Testing on Transit seed 4
123456789101112131415161718192021222324252627282930313233343536373839404142434445464748495051525354555657585960616263646566676869707172737475767778798081828384858687888990919293949596979899100101102103104105106107108109110111112113114115116117118119120121122123124125126127128129130131132133134135136137138139140141142143144145146147148149150151152153154155156157158159160161162163164165GRAPH 0.5 44427.254 ENDGRAPH
totalRIbsize: 85392
totla bestpath nodes: 284441
totla bestpath tcost: 165660210

Testing on Transit seed 5
123456789101112131415161718192021222324252627282930313233343536373839404142434445464748495051525354555657585960616263646566676869707172737475767778798081828384858687888990919293949596979899100101102103104105106107108109110111112113114115116117118119120121122123124125126127128129130131132133134135136137138139140141142143144145146147148149150151152153154155156157158159160161162163164165GRAPH 0.5 51117.293 ENDGRAPH
totalRIbsize: 84675
totla bestpath nodes: 318100
totla bestpath tcost: 200019216

Testing on Transit seed 6
12345678910111213141516171819202122232425262728293031323334353637383940414243444546474849505152535455565758596061626364656667686970717273747576777879808182taking longer than: 20secs exiting

Testing on Transit seed 7
12345678910111213141516171819202122232425262728293031323334353637383940414243444546taking longer than: 20secs exiting

Testing on Transit seed 8
123456789101112taking longer than: 20secs exiting

Testing on Transit seed 9
123456789101112131415161718192021222324252627282930313233343536373839404142434445464748495051525354555657585960616263646566676869707172737475767778798081828384858687888990919293949596979899100101102103104105106107108109110111112113114115116117118119120121122123124125126127128129130131132133134135136137138139140141142143144145146147148149150151152153154155156157158159160161162163164165GRAPH 0.5 44660.555 ENDGRAPH
totalRIbsize: 86152
totla bestpath nodes: 294605
totla bestpath tcost: 171644918

Testing on Transit seed 10
1234taking longer than: 20secs exiting

Testing for stub/transit percentage: 0.600000

Testing on Transit seed 1
123456789101112131415161718192021222324252627282930313233343536373839404142434445464748495051525354555657585960616263646566676869707172737475767778798081828384858687888990919293949596979899100101102103104105106107108109110111112113114115116117118119120121122123124125126127128129130131132133134135136137138139140141142143144145146147148149150151152153154155156157158159160161162163164165GRAPH 0.6 47306.598 ENDGRAPH
totalRIbsize: 101603
totla bestpath nodes: 355609
totla bestpath tcost: 208977359

Testing on Transit seed 2
123456789101112131415161718192021222324252627282930313233343536373839404142434445464748495051525354555657585960616263646566676869707172737475767778798081828384858687888990919293949596979899100101102103104105106107108109110111112113114115116117118119120121122123124125126127128129130131132133134135136137138139140141142143144145146147148149150151152153154155156157158159160161162163164165GRAPH 0.6 43104.883 ENDGRAPH
totalRIbsize: 102447
totla bestpath nodes: 372715
totla bestpath tcost: 216789763

Testing on Transit seed 3
123456789101112131415161718192021222324252627282930313233343536373839404142434445464748495051525354555657585960616263646566676869707172737475767778798081828384858687888990919293949596979899100101102103104105106107108109110111112113114115116117118119120121122123124125126127128129130131132133134135136137138139140141142143144145146147148149150151152153154155156157158159160161162163164165GRAPH 0.6 46920.84 ENDGRAPH
totalRIbsize: 100886
totla bestpath nodes: 358750
totla bestpath tcost: 205608721

Testing on Transit seed 4
123456789101112131415161718192021222324252627282930313233343536373839404142434445464748495051525354555657585960616263646566676869707172737475767778798081828384858687888990919293949596979899100101102103104105106107108109110111112113114115116117118119120121122123124125126127128129130131132133134135136137138139140141142143144145146147148149150151152153154155156157158159160161162163164165GRAPH 0.6 51673.137 ENDGRAPH
totalRIbsize: 101765
totla bestpath nodes: 379831
totla bestpath tcost: 234298223

Testing on Transit seed 5
123456789101112131415161718192021222324252627282930313233343536373839404142434445464748495051525354555657585960616263646566676869707172737475767778798081828384858687888990919293949596979899100101102103104105106107108109110111112113114115116117118119120121122123124125126127128129130131132133134135136137138139140141142143144145146147148149150151152153154155156157158159160161162163164165GRAPH 0.6 53382.344 ENDGRAPH
totalRIbsize: 101567
totla bestpath nodes: 406702
totla bestpath tcost: 259299708

Testing on Transit seed 6
123456789101112131415161718192021222324252627282930313233343536373839404142434445464748495051525354555657585960616263646566676869707172737475767778798081828384858687888990919293949596979899100101102103104105106107108109110111112113114115116117118119120121122123124125126127128129130131132133134135136137138139140141142143144145146147148149150151152153154155156157158159160161162163164165GRAPH 0.6 49551.074 ENDGRAPH
totalRIbsize: 101842
totla bestpath nodes: 358888
totla bestpath tcost: 213805276

Testing on Transit seed 7
1234567891011121314151617181920212223242526taking longer than: 20secs exiting

Testing on Transit seed 8
123456789101112131415161718192021222324252627282930313233343536373839404142434445464748495051525354555657585960616263646566676869707172737475767778798081828384858687888990919293949596979899100101102103104105106107108109110111112113114115116117118119120121122123124125126127128129130131132133134135136137138139140141142143144145146147148149150151152153154155156157158159160161162163164165GRAPH 0.6 47419.824 ENDGRAPH
totalRIbsize: 101625
totla bestpath nodes: 355205
totla bestpath tcost: 204954876

Testing on Transit seed 9
123456789101112131415161718192021222324252627282930313233343536373839404142434445464748495051525354555657585960616263646566676869707172737475767778798081828384858687888990919293949596979899100101102103104105106107108109110111112113114115116117118119120121122123124125126127128129130131132133134135136137138139140141142143144145146147148149150151152153154155156157158159160161162163164165GRAPH 0.6 47643.094 ENDGRAPH
totalRIbsize: 101607
totla bestpath nodes: 365103
totla bestpath tcost: 214367978

Testing on Transit seed 10
123456789101112131415161718192021222324252627282930313233343536373839404142434445464748495051525354555657585960616263646566676869707172737475767778798081828384858687888990919293949596979899100101102103104105106107108109110111112113114115116117118119120121122123124125126127128129130131132133134135136137138139140141142143144145146147148149150151152153154155156157158159160161162163164165GRAPH 0.6 45168.21 ENDGRAPH
totalRIbsize: 101343
totla bestpath nodes: 401339
totla bestpath tcost: 239589277

Testing for stub/transit percentage: 0.700000

Testing on Transit seed 1
123456789101112131415161718192021222324252627282930313233343536373839404142434445464748495051525354555657585960616263646566676869707172737475767778798081828384858687888990919293949596979899100101102103104105106107108109110111112113114115116117118119120121122123124125126127128129130131132133134135136137138139140141142143144145146147148149150151152153154155156157158159160161162163164165GRAPH 0.7 51692.508 ENDGRAPH
totalRIbsize: 117837
totla bestpath nodes: 442372
totla bestpath tcost: 266316969

Testing on Transit seed 2
123456789101112131415161718192021222324252627282930313233343536373839404142434445464748495051525354555657585960616263646566676869707172737475767778798081828384858687888990919293949596979899100101102103104105106107108109110111112113114115116117118119120121122123124125126127128129130131132133134135136137138139140141142143144145146147148149150151152153154155156157158159160161162163164165GRAPH 0.7 56121.945 ENDGRAPH
totalRIbsize: 117813
totla bestpath nodes: 459087
totla bestpath tcost: 285986730

Testing on Transit seed 3
123456789101112131415161718192021222324252627282930313233343536373839404142434445464748495051525354555657585960616263646566676869707172737475767778798081828384858687888990919293949596979899100101102103104105106107108109110111112113114115116117118119120121122123124125126127128129130131132133134135136137138139140141142143144145146147148149150151152153154155156157158159160161162163164165GRAPH 0.7 53520.305 ENDGRAPH
totalRIbsize: 117425
totla bestpath nodes: 450022
totla bestpath tcost: 275883185

Testing on Transit seed 4
123456789101112131415161718192021222324252627282930313233343536373839404142434445464748495051525354555657585960616263646566676869707172737475767778798081828384858687888990919293949596979899100101102103104105106107108109110111112113114115116117118119120121122123124125126127128129130131132133134135136137138139140141142143144145146147148149150151152153154155156157158159160161162163164165GRAPH 0.7 56998.617 ENDGRAPH
totalRIbsize: 117457
totla bestpath nodes: 461709
totla bestpath tcost: 292540330

Testing on Transit seed 5
123456789101112131415161718192021222324252627282930313233343536373839404142434445464748495051525354555657585960616263646566676869707172737475767778798081828384858687888990919293949596979899100101102103104105106107108109110111112113114115116117118119120121122123124125126127128129130131132133134135136137138139140141142143144145146147148149150151152153154155156157158159160161162163164165GRAPH 0.7 55126.79 ENDGRAPH
totalRIbsize: 117252
totla bestpath nodes: 492135
totla bestpath tcost: 318199213

Testing on Transit seed 6
123456789101112131415161718192021222324252627282930313233343536373839404142434445464748495051525354555657585960616263646566676869707172737475767778798081828384858687888990919293949596979899100101102103104105106107108109110111112113114115116117118119120121122123124125126127128129130131132133134135136137138139140141142143144145146147148149150151152153154155156157158159160161162163164165GRAPH 0.7 57018.87 ENDGRAPH
totalRIbsize: 117640
totla bestpath nodes: 437991
totla bestpath tcost: 273775538

Testing on Transit seed 7
1234567891011121314151617181920212223242526taking longer than: 20secs exiting

Testing on Transit seed 8
123456789101112131415161718192021222324252627282930313233343536373839404142434445464748495051525354555657585960616263646566676869707172737475767778798081828384858687888990919293949596979899100101102103104105106107108109110111112113114115116117118119120121122123124125126127128129130131132133134135136137138139140141142143144145146147148149150151152153154155156157158159160161162163164165GRAPH 0.7 53680.965 ENDGRAPH
totalRIbsize: 117631
totla bestpath nodes: 448586
totla bestpath tcost: 276078538

Testing on Transit seed 9
123456789101112131415161718192021222324252627282930313233343536373839404142434445464748495051525354555657585960616263646566676869707172737475767778798081828384858687888990919293949596979899100101102103104105106107108109110111112113114115116117118119120121122123124125126127128129130131132133134135136137138139140141142143144145146147148149150151152153154155156157158159160161162163164165GRAPH 0.7 58123.297 ENDGRAPH
totalRIbsize: 117398
totla bestpath nodes: 463647
totla bestpath tcost: 298984012

Testing on Transit seed 10
123456789101112131415161718192021222324252627282930313233343536373839404142434445464748495051525354555657585960616263646566676869707172737475767778798081828384858687888990919293949596979899100101102103104105106107108109110111112113114115116117118119120121122123124125126127128129130131132133134135136137138139140141142143144145146147148149150151152153154155156157158159160161162163164165GRAPH 0.7 50447.316 ENDGRAPH
totalRIbsize: 117388
totla bestpath nodes: 475490
totla bestpath tcost: 293188587

Testing for stub/transit percentage: 0.800000

Testing on Transit seed 1
123456789101112131415161718192021222324252627282930313233343536373839404142434445464748495051525354555657585960616263646566676869707172737475767778798081828384858687888990919293949596979899100101102103104105106107108109110111112113114115116117118119120121122123124125126127128129130131132133134135136137138139140141142143144145146147148149150151152153154155156157158159160161162163164165GRAPH 0.8 63559.33 ENDGRAPH
totalRIbsize: 133640
totla bestpath nodes: 563264
totla bestpath tcost: 376843323

Testing on Transit seed 2
123456789101112131415161718192021222324252627282930313233343536373839404142434445464748495051525354555657585960616263646566676869707172737475767778798081828384858687888990919293949596979899100101102103104105106107108109110111112113114115116117118119120121122123124125126127128129130131132133134135136137138139140141142143144145146147148149150151152153154155156157158159160161162163164165GRAPH 0.8 66940.01 ENDGRAPH
totalRIbsize: 134655
totla bestpath nodes: 537005
totla bestpath tcost: 353094218

Testing on Transit seed 3
123456789101112131415161718192021222324252627282930313233343536373839404142434445464748495051525354555657585960616263646566676869707172737475767778798081828384858687888990919293949596979899100101102103104105106107108109110111112113114115116117118119120121122123124125126127128129130131132133134135136137138139140141142143144145146147148149150151152153154155156157158159160161162163164165GRAPH 0.8 70232.86 ENDGRAPH
totalRIbsize: 134022
totla bestpath nodes: 539373
totla bestpath tcost: 355938169

Testing on Transit seed 4
123456789101112131415161718192021222324252627282930313233343536373839404142434445464748495051525354555657585960616263646566676869707172737475767778798081828384858687888990919293949596979899100101102103104105106107108109110111112113114115116117118119120121122123124125126127128129130131132133134135136137138139140141142143144145146147148149150151152153154155156157158159160161162163164165GRAPH 0.8 70757.58 ENDGRAPH
totalRIbsize: 134011
totla bestpath nodes: 569515
totla bestpath tcost: 399117153

Testing on Transit seed 5
123456789101112131415161718192021222324252627282930313233343536373839404142434445464748495051525354555657585960616263646566676869707172737475767778798081828384858687888990919293949596979899100101102103104105106107108109110111112113114115116117118119120121122123124125126127128129130131132133134135136137138139140141142143144145146147148149150151152153154155156157158159160161162163164165GRAPH 0.8 65732.38 ENDGRAPH
totalRIbsize: 134147
totla bestpath nodes: 574048
totla bestpath tcost: 391709339

Testing on Transit seed 6
123456789101112131415161718192021222324252627282930313233343536373839404142434445464748495051525354555657585960616263646566676869707172737475767778798081828384858687888990919293949596979899100101102103104105106107108109110111112113114115116117118119120121122123124125126127128129130131132133134135136137138139140141142143144145146147148149150151152153154155156157158159160161162163164165GRAPH 0.8 72774.484 ENDGRAPH
totalRIbsize: 134313
totla bestpath nodes: 534590
totla bestpath tcost: 354733575

Testing on Transit seed 7
123456789101112131415161718192021222324252627282930313233343536373839404142434445464748495051525354555657585960616263646566676869707172737475767778798081828384858687888990919293949596979899100101102103104105106107108109110111112113114115116117118119120121122123124125126127128129130131132133134135136137138139140141142143144145146147148149150151152153154155156157158159160161162163164165GRAPH 0.8 59847.88 ENDGRAPH
totalRIbsize: 133528
totla bestpath nodes: 564625
totla bestpath tcost: 354725895

Testing on Transit seed 8
1234567891011121314taking longer than: 20secs exiting

Testing on Transit seed 9
123456789101112131415161718192021222324252627282930313233343536373839404142434445464748495051525354555657585960616263646566676869707172737475767778798081828384858687888990919293949596979899100101102103104105106107108109110111112113114115116117118119120121122123124125126127128129130131132133134135136137138139140141142143144145146147148149150151152153154155156157158159160161162163164165GRAPH 0.8 70920.06 ENDGRAPH
totalRIbsize: 133760
totla bestpath nodes: 539054
totla bestpath tcost: 368310502

Testing on Transit seed 10
123456789101112131415161718192021222324252627282930313233343536373839404142434445464748495051525354555657585960616263646566676869707172737475767778798081828384858687888990919293949596979899100101102103104105106107108109110111112113114115116117118119120121122123124125126127128129130131132133134135136137138139140141142143144145146147148149150151152153154155156157158159160161162163164165GRAPH 0.8 57633.664 ENDGRAPH
totalRIbsize: 133888
totla bestpath nodes: 584554
totla bestpath tcost: 381712764

Testing for stub/transit percentage: 0.900000

Testing on Transit seed 1
123456789101112131415161718192021222324252627282930313233343536373839404142434445464748495051525354555657585960616263646566676869707172737475767778798081828384858687888990919293949596979899100101102103104105106107108109110111112113114115116117118119120121122123124125126127128129130131132133134135136137138139140141142143144145146147148149150151152153154155156157158159160161162163164165GRAPH 0.9 73704.766 ENDGRAPH
totalRIbsize: 150028
totla bestpath nodes: 636866
totla bestpath tcost: 441259373

Testing on Transit seed 2
123456789101112131415161718192021222324252627282930313233343536373839404142434445464748495051525354555657585960616263646566676869707172737475767778798081828384858687888990919293949596979899100101102103104105106107108109110111112113114115116117118119120121122123124125126127128129130131132133134135136137138139140141142143144145146147148149150151152153154155156157158159160161162163164165GRAPH 0.9 89456.19 ENDGRAPH
totalRIbsize: 150106
totla bestpath nodes: 674467
totla bestpath tcost: 489589325

Testing on Transit seed 3
123456789101112131415161718192021222324252627282930313233343536373839404142434445464748495051525354555657585960616263646566676869707172737475767778798081828384858687888990919293949596979899100101102103104105106107108109110111112113114115116117118119120121122123124125126127128129130131132133134135136137138139140141142143144145146147148149150151152153154155156157158159160161162163164165GRAPH 0.9 86747.62 ENDGRAPH
totalRIbsize: 149891
totla bestpath nodes: 639887
totla bestpath tcost: 467573504

Testing on Transit seed 4
123456789101112131415161718192021222324252627282930313233343536373839404142434445464748495051525354555657585960616263646566676869707172737475767778798081828384858687888990919293949596979899100101102103104105106107108109110111112113114115116117118119120121122123124125126127128129130131132133134135136137138139140141142143144145146147148149150151152153154155156157158159160161162163164165GRAPH 0.9 87023.15 ENDGRAPH
totalRIbsize: 149911
totla bestpath nodes: 667166
totla bestpath tcost: 488503524

Testing on Transit seed 5
123456789101112131415161718192021222324252627282930313233343536373839404142434445464748495051525354555657585960616263646566676869707172737475767778798081828384858687888990919293949596979899100101102103104105106107108109110111112113114115116117118119120121122123124125126127128129130131132133134135136137138139140141142143144145146147148149150151152153154155156157158159160161162163164165GRAPH 0.9 84658.5 ENDGRAPH
totalRIbsize: 150148
totla bestpath nodes: 683429
totla bestpath tcost: 498525320

Testing on Transit seed 6
123456789101112131415161718192021222324252627282930313233343536373839404142434445464748495051525354555657585960616263646566676869707172737475767778798081828384858687888990919293949596979899100101102103104105106107108109110111112113114115116117118119120121122123124125126127128129130131132133134135136137138139140141142143144145146147148149150151152153154155156157158159160161162163164165GRAPH 0.9 89348.36 ENDGRAPH
totalRIbsize: 150343
totla bestpath nodes: 629202
totla bestpath tcost: 436056681

Testing on Transit seed 7
123456789101112131415161718192021222324252627282930313233343536373839404142434445464748495051525354555657585960616263646566676869707172737475767778798081828384858687888990919293949596979899100101102103104105106107108109110111112113114115116117118119120121122123124125126127128129130131132133134135136137138139140141142143144145146147148149150151152153154155156157158159160161162163164165GRAPH 0.9 73471.04 ENDGRAPH
totalRIbsize: 149571
totla bestpath nodes: 639527
totla bestpath tcost: 417302504

Testing on Transit seed 8
123456789101112131415161718192021222324252627282930313233343536373839404142434445464748495051525354555657585960616263646566676869707172737475767778798081828384858687888990919293949596979899100101102103104105106107108109110111112113114115116117118119120121122123124125126127128129130131132133134135136137138139140141142143144145146147148149150151152153154155156157158159160161162163164165GRAPH 0.9 82208.94 ENDGRAPH
totalRIbsize: 149914
totla bestpath nodes: 631842
totla bestpath tcost: 444348542

Testing on Transit seed 9
123456789101112131415161718192021222324252627282930313233343536373839404142434445464748495051525354555657585960616263646566676869707172737475767778798081828384858687888990919293949596979899100101102103104105106107108109110111112113114115116117118119120121122123124125126127128129130131132133134135136137138139140141142143144145146147148149150151152153154155156157158159160161162163164165GRAPH 0.9 92684.75 ENDGRAPH
totalRIbsize: 149953
totla bestpath nodes: 644241
totla bestpath tcost: 474263726

Testing on Transit seed 10
123456789101112131415161718192021222324252627282930313233343536373839404142434445464748495051525354555657585960616263646566676869707172737475767778798081828384858687888990919293949596979899100101102103104105106107108109110111112113114115116117118119120121122123124125126127128129130131132133134135136137138139140141142143144145146147148149150151152153154155156157158159160161162163164165GRAPH 0.9 85361.72 ENDGRAPH
totalRIbsize: 150028
totla bestpath nodes: 689882
totla bestpath tcost: 498954130

Testing for stub/transit percentage: 1.000000

Testing on Transit seed 1
123456789101112131415161718192021222324252627282930313233343536373839404142434445464748495051525354555657585960616263646566676869707172737475767778798081828384858687888990919293949596979899100101102103104105106107108109110111112113114115116117118119120121122123124125126127128129130131132133134135136137138139140141142143144145146147148149150151152153154155156157158159160161162163164165GRAPH 1.0 108182.19 ENDGRAPH
totalRIbsize: 167072
totla bestpath nodes: 697389
totla bestpath tcost: 521404009

Testing on Transit seed 2
123456789101112131415161718192021222324252627282930313233343536373839404142434445464748495051525354555657585960616263646566676869707172737475767778798081828384858687888990919293949596979899100101102103104105106107108109110111112113114115116117118119120121122123124125126127128129130131132133134135136137138139140141142143144145146147148149150151152153154155156157158159160161162163164165GRAPH 1.0 108182.19 ENDGRAPH
totalRIbsize: 167072
totla bestpath nodes: 697389
totla bestpath tcost: 521404009

Testing on Transit seed 3
123456789101112131415161718192021222324252627282930313233343536373839404142434445464748495051525354555657585960616263646566676869707172737475767778798081828384858687888990919293949596979899100101102103104105106107108109110111112113114115116117118119120121122123124125126127128129130131132133134135136137138139140141142143144145146147148149150151152153154155156157158159160161162163164165GRAPH 1.0 108182.19 ENDGRAPH
totalRIbsize: 167072
totla bestpath nodes: 697389
totla bestpath tcost: 521404009

Testing on Transit seed 4
123456789101112131415161718192021222324252627282930313233343536373839404142434445464748495051525354555657585960616263646566676869707172737475767778798081828384858687888990919293949596979899100101102103104105106107108109110111112113114115116117118119120121122123124125126127128129130131132133134135136137138139140141142143144145146147148149150151152153154155156157158159160161162163164165GRAPH 1.0 108182.19 ENDGRAPH
totalRIbsize: 167072
totla bestpath nodes: 697389
totla bestpath tcost: 521404009

Testing on Transit seed 5
123456789101112131415161718192021222324252627282930313233343536373839404142434445464748495051525354555657585960616263646566676869707172737475767778798081828384858687888990919293949596979899100101102103104105106107108109110111112113114115116117118119120121122123124125126127128129130131132133134135136137138139140141142143144145146147148149150151152153154155156157158159160161162163164165GRAPH 1.0 108182.19 ENDGRAPH
totalRIbsize: 167072
totla bestpath nodes: 697389
totla bestpath tcost: 521404009

Testing on Transit seed 6
123456789101112131415161718192021222324252627282930313233343536373839404142434445464748495051525354555657585960616263646566676869707172737475767778798081828384858687888990919293949596979899100101102103104105106107108109110111112113114115116117118119120121122123124125126127128129130131132133134135136137138139140141142143144145146147148149150151152153154155156157158159160161162163164165GRAPH 1.0 108182.19 ENDGRAPH
totalRIbsize: 167072
totla bestpath nodes: 697389
totla bestpath tcost: 521404009

Testing on Transit seed 7
123456789101112131415161718192021222324252627282930313233343536373839404142434445464748495051525354555657585960616263646566676869707172737475767778798081828384858687888990919293949596979899100101102103104105106107108109110111112113114115116117118119120121122123124125126127128129130131132133134135136137138139140141142143144145146147148149150151152153154155156157158159160161162163164165GRAPH 1.0 108182.19 ENDGRAPH
totalRIbsize: 167072
totla bestpath nodes: 697389
totla bestpath tcost: 521404009

Testing on Transit seed 8
123456789101112131415161718192021222324252627282930313233343536373839404142434445464748495051525354555657585960616263646566676869707172737475767778798081828384858687888990919293949596979899100101102103104105106107108109110111112113114115116117118119120121122123124125126127128129130131132133134135136137138139140141142143144145146147148149150151152153154155156157158159160161162163164165GRAPH 1.0 108182.19 ENDGRAPH
totalRIbsize: 167072
totla bestpath nodes: 697389
totla bestpath tcost: 521404009

Testing on Transit seed 9
123456789101112131415161718192021222324252627282930313233343536373839404142434445464748495051525354555657585960616263646566676869707172737475767778798081828384858687888990919293949596979899100101102103104105106107108109110111112113114115116117118119120121122123124125126127128129130131132133134135136137138139140141142143144145146147148149150151152153154155156157158159160161162163164165GRAPH 1.0 108182.19 ENDGRAPH
totalRIbsize: 167072
totla bestpath nodes: 697389
totla bestpath tcost: 521404009

Testing on Transit seed 10
123456789101112131415161718192021222324252627282930313233343536373839404142434445464748495051525354555657585960616263646566676869707172737475767778798081828384858687888990919293949596979899100101102103104105106107108109110111112113114115116117118119120121122123124125126127128129130131132133134135136137138139140141142143144145146147148149150151152153154155156157158159160161162163164165GRAPH 1.0 108182.19 ENDGRAPH
totalRIbsize: 167072
totla bestpath nodes: 697389
totla bestpath tcost: 521404009
