arg1 is the astypes to generate, 501-wiser, 504 sbgp, 505 bw
arg2 is the sim to perform in the simulator
arg3 is where to monitor in the simulator, participating 0, all 1, gulf 2
arg4 is whether to use bandwidth numbers in the simulator
arg5 is what metric to use RIBMETRIC 0, FIBMETRIC 1
501 5 0 0 1astypes.txt

Testing for stub/transit percentage: 0.100000

Testing on Transit seed 1
123456789101112131415161718192021222324252627282930313233343536373839404142434445464748495051525354555657585960616263646566676869707172737475767778798081828384858687888990919293949596979899100101102103104105106107108109110111112113114115116117118119120121122123124125126127128129130131132133134135136137138139140141142143144145146147148149150151152153154155156157158159160161162163164165GRAPH 0.1 693454.5 ENDGRAPH
totalRIbsize: 17048
totla bestpath nodes: 45818
totla bestpath tcost: 23577452

Testing on Transit seed 2
123456789101112131415161718192021222324252627282930313233343536373839404142434445464748495051525354555657585960616263646566676869707172737475767778798081828384858687888990919293949596979899100101102103104105106107108109110111112113114115116117118119120121122123124125126127128129130131132133134135136137138139140141142143144145146147148149150151152153154155156157158159160161162163164165GRAPH 0.1 617296.8 ENDGRAPH
totalRIbsize: 17733
totla bestpath nodes: 44957
totla bestpath tcost: 20988091

Testing on Transit seed 3
123456789101112131415161718192021222324252627282930313233343536373839404142434445464748495051525354555657585960616263646566676869707172737475767778798081828384858687888990919293949596979899100101102103104105106107108109110111112113114115116117118119120121122123124125126127128129130131132133134135136137138139140141142143144145146147148149150151152153154155156157158159160161162163164165GRAPH 0.1 565555.9 ENDGRAPH
totalRIbsize: 16356
totla bestpath nodes: 44616
totla bestpath tcost: 18663344

Testing on Transit seed 4
123456789101112131415161718192021222324252627282930313233343536373839404142434445464748495051525354555657585960616263646566676869707172737475767778798081828384858687888990919293949596979899100101102103104105106107108109110111112113114115116117118119120121122123124125126127128129130131132133134135136137138139140141142143144145146147148149150151152153154155156157158159160161162163164165GRAPH 0.1 598613.2 ENDGRAPH
totalRIbsize: 16497
totla bestpath nodes: 45088
totla bestpath tcost: 19754237

Testing on Transit seed 5
123456789101112131415161718192021222324252627282930313233343536373839404142434445464748495051525354555657585960616263646566676869707172737475767778798081828384858687888990919293949596979899100101102103104105106107108109110111112113114115116117118119120121122123124125126127128129130131132133134135136137138139140141142143144145146147148149150151152153154155156157158159160161162163164165GRAPH 0.1 744815.5 ENDGRAPH
totalRIbsize: 17767
totla bestpath nodes: 44574
totla bestpath tcost: 24578913

Testing on Transit seed 6
123456789101112131415161718192021222324252627282930313233343536373839404142434445464748495051525354555657585960616263646566676869707172737475767778798081828384858687888990919293949596979899100101102103104105106107108109110111112113114115116117118119120121122123124125126127128129130131132133134135136137138139140141142143144145146147148149150151152153154155156157158159160161162163164165GRAPH 0.1 748358.9 ENDGRAPH
totalRIbsize: 17711
totla bestpath nodes: 44688
totla bestpath tcost: 24695842

Testing on Transit seed 7
123456789101112131415161718192021222324252627282930313233343536373839404142434445464748495051525354555657585960616263646566676869707172737475767778798081828384858687888990919293949596979899100101102103104105106107108109110111112113114115116117118119120121122123124125126127128129130131132133134135136137138139140141142143144145146147148149150151152153154155156157158159160161162163164165GRAPH 0.1 674755.75 ENDGRAPH
totalRIbsize: 17194
totla bestpath nodes: 44930
totla bestpath tcost: 22266939

Testing on Transit seed 8
123456789101112131415161718192021222324252627282930313233343536373839404142434445464748495051525354555657585960616263646566676869707172737475767778798081828384858687888990919293949596979899100101102103104105106107108109110111112113114115116117118119120121122123124125126127128129130131132133134135136137138139140141142143144145146147148149150151152153154155156157158159160161162163164165GRAPH 0.1 694573.8 ENDGRAPH
totalRIbsize: 16524
totla bestpath nodes: 45565
totla bestpath tcost: 22920937

Testing on Transit seed 9
123456789101112131415161718192021222324252627282930313233343536373839404142434445464748495051525354555657585960616263646566676869707172737475767778798081828384858687888990919293949596979899100101102103104105106107108109110111112113114115116117118119120121122123124125126127128129130131132133134135136137138139140141142143144145146147148149150151152153154155156157158159160161162163164165GRAPH 0.1 674911.25 ENDGRAPH
totalRIbsize: 16397
totla bestpath nodes: 44904
totla bestpath tcost: 22272071

Testing on Transit seed 10
123456789101112131415161718192021222324252627282930313233343536373839404142434445464748495051525354555657585960616263646566676869707172737475767778798081828384858687888990919293949596979899100101102103104105106107108109110111112113114115116117118119120121122123124125126127128129130131132133134135136137138139140141142143144145146147148149150151152153154155156157158159160161162163164165GRAPH 0.1 556218.06 ENDGRAPH
totalRIbsize: 16527
totla bestpath nodes: 44849
totla bestpath tcost: 18911414

Testing for stub/transit percentage: 0.200000

Testing on Transit seed 1
123456789101112131415161718192021222324252627282930313233343536373839404142434445464748495051525354555657585960616263646566676869707172737475767778798081828384858687888990919293949596979899100101102103104105106107108109110111112113114115116117118119120121122123124125126127128129130131132133134135136137138139140141142143144145146147148149150151152153154155156157158159160161162163164165GRAPH 0.2 698235.3 ENDGRAPH
totalRIbsize: 35808
totla bestpath nodes: 96341
totla bestpath tcost: 47480002

Testing on Transit seed 2
123456789101112131415161718192021222324252627282930313233343536373839404142434445464748495051525354555657585960616263646566676869707172737475767778798081828384858687888990919293949596979899100101102103104105106107108109110111112113114115116117118119120121122123124125126127128129130131132133134135136137138139140141142143144145146147148149150151152153154155156157158159160161162163164165GRAPH 0.2 656126.5 ENDGRAPH
totalRIbsize: 35390
totla bestpath nodes: 95480
totla bestpath tcost: 44616600

Testing on Transit seed 3
123456789101112131415161718192021222324252627282930313233343536373839404142434445464748495051525354555657585960616263646566676869707172737475767778798081828384858687888990919293949596979899100101102103104105106107108109110111112113114115116117118119120121122123124125126127128129130131132133134135136137138139140141142143144145146147148149150151152153154155156157158159160161162163164165GRAPH 0.2 646268.0 ENDGRAPH
totalRIbsize: 33839
totla bestpath nodes: 95506
totla bestpath tcost: 43299957

Testing on Transit seed 4
123456789101112131415161718192021222324252627282930313233343536373839404142434445464748495051525354555657585960616263646566676869707172737475767778798081828384858687888990919293949596979899100101102103104105106107108109110111112113114115116117118119120121122123124125126127128129130131132133134135136137138139140141142143144145146147148149150151152153154155156157158159160161162163164165GRAPH 0.2 648776.94 ENDGRAPH
totalRIbsize: 34535
totla bestpath nodes: 94622
totla bestpath tcost: 43468054

Testing on Transit seed 5
123456789101112131415161718192021222324252627282930313233343536373839404142434445464748495051525354555657585960616263646566676869707172737475767778798081828384858687888990919293949596979899100101102103104105106107108109110111112113114115116117118119120121122123124125126127128129130131132133134135136137138139140141142143144145146147148149150151152153154155156157158159160161162163164165GRAPH 0.2 716232.0 ENDGRAPH
totalRIbsize: 34490
totla bestpath nodes: 94383
totla bestpath tcost: 48703774

Testing on Transit seed 6
123456789101112131415161718192021222324252627282930313233343536373839404142434445464748495051525354555657585960616263646566676869707172737475767778798081828384858687888990919293949596979899100101102103104105106107108109110111112113114115116117118119120121122123124125126127128129130131132133134135136137138139140141142143144145146147148149150151152153154155156157158159160161162163164165GRAPH 0.2 676181.7 ENDGRAPH
totalRIbsize: 34920
totla bestpath nodes: 93000
totla bestpath tcost: 45980355

Testing on Transit seed 7
123456789101112131415161718192021222324252627282930313233343536373839404142434445464748495051525354555657585960616263646566676869707172737475767778798081828384858687888990919293949596979899100101102103104105106107108109110111112113114115116117118119120121122123124125126127128129130131132133134135136137138139140141142143144145146147148149150151152153154155156157158159160161162163164165GRAPH 0.2 615379.9 ENDGRAPH
totalRIbsize: 34492
totla bestpath nodes: 94135
totla bestpath tcost: 42461212

Testing on Transit seed 8
123456789101112131415161718192021222324252627282930313233343536373839404142434445464748495051525354555657585960616263646566676869707172737475767778798081828384858687888990919293949596979899100101102103104105106107108109110111112113114115116117118119120121122123124125126127128129130131132133134135136137138139140141142143144145146147148149150151152153154155156157158159160161162163164165GRAPH 0.2 755816.8 ENDGRAPH
totalRIbsize: 33704
totla bestpath nodes: 95243
totla bestpath tcost: 50639727

Testing on Transit seed 9
123456789101112131415161718192021222324252627282930313233343536373839404142434445464748495051525354555657585960616263646566676869707172737475767778798081828384858687888990919293949596979899100101102103104105106107108109110111112113114115116117118119120121122123124125126127128129130131132133134135136137138139140141142143144145146147148149150151152153154155156157158159160161162163164165GRAPH 0.2 659347.2 ENDGRAPH
totalRIbsize: 34385
totla bestpath nodes: 93741
totla bestpath tcost: 44835606

Testing on Transit seed 10
123456789101112131415161718192021222324252627282930313233343536373839404142434445464748495051525354555657585960616263646566676869707172737475767778798081828384858687888990919293949596979899100101102103104105106107108109110111112113114115116117118119120121122123124125126127128129130131132133134135136137138139140141142143144145146147148149150151152153154155156157158159160161162163164165GRAPH 0.2 598276.1 ENDGRAPH
totalRIbsize: 33711
totla bestpath nodes: 95076
totla bestpath tcost: 40682774

Testing for stub/transit percentage: 0.300000

Testing on Transit seed 1
123456789101112131415161718192021222324252627282930313233343536373839404142434445464748495051525354555657585960616263646566676869707172737475767778798081828384858687888990919293949596979899100101102103104105106107108109110111112113114115116117118119120121122123124125126127128129130131132133134135136137138139140141142143144145146147148149150taking longer than: 20secs exiting

Testing on Transit seed 2
123456789101112131415161718192021222324252627282930313233343536373839404142434445464748495051525354555657585960616263646566676869707172737475767778798081828384858687888990919293949596979899100101102103104105106107108109110111112113114115116117118119120121122123124125126127128129130131132133134135136137taking longer than: 20secs exiting

Testing on Transit seed 3
123456789101112131415161718192021222324252627282930313233343536373839404142434445464748495051525354555657585960616263646566676869707172737475767778798081828384858687888990919293949596979899100101102103104105106107108109110111112113114115116117118119120121122123124125126127128129130131132133134135136137138139140141142143144145146147148149150151152153154155156157158159160161162163164165GRAPH 0.3 665080.0 ENDGRAPH
totalRIbsize: 50141
totla bestpath nodes: 147563
totla bestpath tcost: 66508002

Testing on Transit seed 4
123456789101112131415161718192021222324252627282930313233343536373839404142434445464748495051525354555657585960616263646566676869707172737475767778798081828384858687888990919293949596979899100101102103104105106107108109110111112113114115116117118119120121122123124125126127128129130131132133134135taking longer than: 20secs exiting

Testing on Transit seed 5
12taking longer than: 20secs exiting

Testing on Transit seed 6
123456789101112131415161718192021222324252627282930313233343536373839404142434445464748495051525354555657585960616263646566676869707172737475767778798081828384858687888990919293949596979899100101102103104105106107108109110111112113114115116117118119120121122123124125126127128129130131132133134135136137138139140141142143144145146147148149150151152153154155156157158159160161162163164165GRAPH 0.3 701901.94 ENDGRAPH
totalRIbsize: 51937
totla bestpath nodes: 144531
totla bestpath tcost: 70892094

Testing on Transit seed 7
123456789101112131415161718192021222324252627282930313233343536373839404142434445464748495051525354555657585960616263646566676869707172737475767778798081828384858687888990919293949596979899100101102103104105106107108109110111112113114115116117118119120121122123124125126127128129130131132133134135136137138139140141142143144145146147148149150151152153154155156157158159160161162163164165GRAPH 0.3 637797.3 ENDGRAPH
totalRIbsize: 51588
totla bestpath nodes: 146300
totla bestpath tcost: 65055323

Testing on Transit seed 8
123456789101112131415161718192021222324252627282930313233343536373839404142434445464748495051525354555657585960616263646566676869707172737475767778798081828384858687888990919293949596979899100101102103104105106107108109110111112113114115116117118119120121122123124125126127128129130131132133134135136137138139140141142143144145146147148149150151152153154155156157158159160161162163164165GRAPH 0.3 673768.75 ENDGRAPH
totalRIbsize: 52189
totla bestpath nodes: 148854
totla bestpath tcost: 67376874

Testing on Transit seed 9
123456789101112131415161718192021222324252627282930313233343536373839404142434445464748495051525354555657585960616263646566676869707172737475767778798081828384858687888990919293949596979899100101102103104105106107108109110111112113114115116117118119120121122123124125126127128129130131132133134135136137138139140141142143144145146147148149150151152153154155156157158159160161162163164165GRAPH 0.3 632524.8 ENDGRAPH
totalRIbsize: 52128
totla bestpath nodes: 146381
totla bestpath tcost: 63885008

Testing on Transit seed 10
123456789101112131415161718192021222324252627282930313233343536373839404142434445464748495051525354555657585960616263646566676869707172737475767778798081828384858687888990919293949596979899100101102103104105106107108109110111112113114115116117118119120121122123124125126127128129130131132133134135136137138139140141142143144145146147148149150151152153154155156157158159160161162163164165GRAPH 0.3 661675.94 ENDGRAPH
totalRIbsize: 50558
totla bestpath nodes: 150544
totla bestpath tcost: 66829274

Testing for stub/transit percentage: 0.400000

Testing on Transit seed 1
123456789101112131415161718192021222324252627282930313233343536373839404142434445464748495051525354555657585960616263646566676869707172737475767778798081828384858687888990919293949596979899100101102103104105106107108109110111112113114115116117118119120121122123124125126127128taking longer than: 20secs exiting

Testing on Transit seed 2
123456789101112taking longer than: 20secs exiting

Testing on Transit seed 3
123456789101112131415161718192021222324252627282930313233343536373839404142434445464748495051525354555657585960616263646566676869707172737475767778798081828384858687888990919293949596979899100101102103104105106107108109110111112113114115116117118119120121122123124125126127128129130131132133134135136137138139140141142143144145146147148149150151152153154155156157158159160161162163164165GRAPH 0.4 670859.06 ENDGRAPH
totalRIbsize: 67022
totla bestpath nodes: 208394
totla bestpath tcost: 89895110

Testing on Transit seed 4
123456789101112131415161718192021222324252627282930313233343536373839404142434445464748495051525354555657585960616263646566676869707172737475767778798081828384858687888990919293949596979899100101102103104105106107108109110111112113114115116117118119120121122123124125126127128129130131132133134135136137138139140141142143144145146147148149150151152153154155156157158159160161162163164165GRAPH 0.4 644235.25 ENDGRAPH
totalRIbsize: 69454
totla bestpath nodes: 213521
totla bestpath tcost: 86971756

Testing on Transit seed 5
123456789101112131415161718192021222324252627282930313233343536373839404142434445464748495051525354555657585960616263646566676869707172737475767778798081828384858687888990919293949596979899100101102103104105106107108109110111112113114115116117118119120121122123124125126127128129130131132133134135136137138139140141142143144145146147148149150151152153154155156157158159160161162163164165GRAPH 0.4 580532.75 ENDGRAPH
totalRIbsize: 69484
totla bestpath nodes: 220872
totla bestpath tcost: 78371917

Testing on Transit seed 6
123456789101112131415161718192021222324252627282930313233343536373839404142434445464748495051525354555657585960616263646566676869707172737475767778798081828384858687888990919293949596979899100101102103104105106107108109110111112113114115116117118119120121122123124125126127128129130131132133134135136137138139140141142143144145146147148149150151152153154155156157158159160161162163164165GRAPH 0.4 658945.44 ENDGRAPH
totalRIbsize: 69736
totla bestpath nodes: 209616
totla bestpath tcost: 88957629

Testing on Transit seed 7
123456789101112131415161718192021222324252627282930313233343536373839404142434445464748495051525354taking longer than: 20secs exiting

Testing on Transit seed 8
123456789101112131415161718192021222324252627282930313233343536373839404142434445464748495051525354555657585960616263646566676869707172737475767778798081828384858687888990919293949596979899100101102103104105106107108109110111112113114115116117118119120121122123124125126127128129130131132133134135136137138139140141142143144145146147148149150151152153154155156157158159160161162163164165GRAPH 0.4 636684.94 ENDGRAPH
totalRIbsize: 68974
totla bestpath nodes: 203409
totla bestpath tcost: 85315782

Testing on Transit seed 9
1234567891011121314151617181920212223taking longer than: 20secs exiting

Testing on Transit seed 10
123456789101112131415161718192021222324252627282930313233343536373839404142434445464748495051525354555657585960616263646566676869707172737475767778798081828384858687888990919293949596979899100101102103104105106107108109110111112113114115116117118119120121122123124125126127128129130131132133134135136137138139140141142143144145146147148149150151152153154155156157158159160161162163164165GRAPH 0.4 658859.75 ENDGRAPH
totalRIbsize: 67677
totla bestpath nodes: 210778
totla bestpath tcost: 88946063

Testing for stub/transit percentage: 0.500000

Testing on Transit seed 1
123456789101112131415161718192021222324252627282930313233343536373839404142434445464748495051525354555657585960616263646566676869707172737475767778798081828384858687888990919293949596979899100101102103104105106107108109110111112113114115116117118119120121122123124125126127128129130131132133134135136137138139140141142143144145146147148149150151152153154155156157158159160161162163164165GRAPH 0.5 628280.44 ENDGRAPH
totalRIbsize: 85808
totla bestpath nodes: 280648
totla bestpath tcost: 106179391

Testing on Transit seed 2
123456789101112131415161718192021222324252627282930313233343536373839404142434445464748495051525354555657585960616263646566676869707172737475767778798081828384858687888990919293949596979899100101102103104105106107108109110111112113114115116117118119120121122123124125126127128129130131132133134135136137138139140141142143144145146147148149150151152153154155156157158159160161162163164165GRAPH 0.5 704502.56 ENDGRAPH
totalRIbsize: 85622
totla bestpath nodes: 272629
totla bestpath tcost: 119060933

Testing on Transit seed 3
1234567891011121314151617181920212223242526272829303132333435363738394041424344454647484950taking longer than: 20secs exiting

Testing on Transit seed 4
123456789101112131415161718192021222324252627282930313233343536373839404142434445464748495051525354555657585960616263646566676869707172737475767778798081828384858687888990919293949596979899100101102103104105106107108109110111112113114115116117118119120121122123124125126127128129130131132133134135136137138139140141142143144145146147148149150151152153154155156157158159160161162163164165GRAPH 0.5 682534.56 ENDGRAPH
totalRIbsize: 85570
totla bestpath nodes: 272755
totla bestpath tcost: 115348332

Testing on Transit seed 5
123456789101112131415161718192021222324252627282930313233343536373839404142434445464748495051525354555657585960616263646566676869707172737475767778798081828384858687888990919293949596979899100101102103104105106107108109110111112113114115116117118119120121122123124125126127128129130131132133134135136137138139140141142143144145146147148149150151152153154155156157158159160161162163164165GRAPH 0.5 573898.2 ENDGRAPH
totalRIbsize: 85502
totla bestpath nodes: 285403
totla bestpath tcost: 97562699

Testing on Transit seed 6
123456789101112131415161718192021222324252627282930313233343536373839404142434445464748495051525354555657585960616263646566676869707172737475767778798081828384858687888990919293949596979899100101102103104105106107108109110111112113114115116117118119120121122123124125126127128129130131132133134135136137138139140141142143144145146147148149150151152153154155156157158159160161162163164165GRAPH 0.5 645162.4 ENDGRAPH
totalRIbsize: 85954
totla bestpath nodes: 274879
totla bestpath tcost: 108387276

Testing on Transit seed 7
123456789101112131415161718192021222324252627282930313233343536373839404142434445464748495051525354555657585960616263646566676869707172737475767778798081828384858687888990taking longer than: 20secs exiting

Testing on Transit seed 8
123456789101112131415161718192021222324252627282930313233343536373839404142434445464748495051525354555657585960616263646566676869707172737475767778798081taking longer than: 20secs exiting

Testing on Transit seed 9
123456789101112131415161718192021222324252627282930313233343536373839404142434445464748495051525354555657585960616263646566676869707172737475767778798081828384858687888990919293949596979899100101102103104105106107108109110111112113114115116117118119120121122123124125126127128129130131132133134135136137138139140141142143144145146147148149150151152153154155156157158159160161162163164165GRAPH 0.5 639157.0 ENDGRAPH
totalRIbsize: 86446
totla bestpath nodes: 277458
totla bestpath tcost: 108656686

Testing on Transit seed 10
123456789101112131415161718192021222324252627282930313233343536373839404142434445464748495051525354555657585960616263646566676869707172737475767778798081828384858687888990919293949596979899100101102103104105106107108109110111112113114115116117118119120121122123124125126127128129130131132133134135136137138139140141142143144145146147148149150151152153154155156157158159160161162163164165GRAPH 0.5 689159.25 ENDGRAPH
totalRIbsize: 84201
totla bestpath nodes: 268374
totla bestpath tcost: 116467910

Testing for stub/transit percentage: 0.600000

Testing on Transit seed 1
123456789101112131415161718192021222324252627282930313233343536373839404142434445464748495051525354555657585960616263646566676869707172737475767778798081828384858687888990919293949596979899100101102103104105106107108109110111112113114115116117118119120121122123124125126127128129130131132133134135136137138139140141142143144145146147148149150151152153154155156157158159160161162163164165GRAPH 0.6 570566.06 ENDGRAPH
totalRIbsize: 102007
totla bestpath nodes: 336020
totla bestpath tcost: 116395469

Testing on Transit seed 2
123456789101112131415161718192021222324252627282930313233343536373839404142434445464748495051525354555657585960616263646566676869707172737475767778798081828384858687888990919293949596979899100101102103104105106107108109110111112113114115116117118119120121122123124125126127128129130131132133134135136137138139140141142143144145146147148149150151152153taking longer than: 20secs exiting

Testing on Transit seed 3
123456789101112131415161718192021222324252627282930313233343536373839404142434445464748495051525354555657585960616263646566676869707172737475767778798081828384858687888990919293949596979899100101102103104105106107108109110111112113114115116117118119120121122123124125126127128taking longer than: 20secs exiting

Testing on Transit seed 4
123456789101112131415161718192021222324252627282930313233343536373839404142434445464748495051525354555657585960616263646566676869707172737475767778798081828384858687888990919293949596979899100101102103104105106107108109110111112113114115116117118119120121122123124125126127128129130131132133134135136137138139140141142143144145146147148149150151152153154155156157158159160161162163164165GRAPH 0.6 566869.5 ENDGRAPH
totalRIbsize: 102021
totla bestpath nodes: 348018
totla bestpath tcost: 115074506

Testing on Transit seed 5
123456789101112131415161718192021222324252627282930313233343536373839404142434445464748495051525354555657585960616263646566676869707172737475767778798081828384858687888990919293949596979899100101102103104105106107108109110111112113114115116117118119120121122123124125126127128129130131132133134135136137138139140141142143144145146147148149150151152153154155156157158159160161162163164165GRAPH 0.6 562423.0 ENDGRAPH
totalRIbsize: 102478
totla bestpath nodes: 353914
totla bestpath tcost: 114734285

Testing on Transit seed 6
123456789101112131415161718192021222324252627282930313233343536373839404142434445464748495051525354555657585960616263646566676869707172737475767778798081828384858687888990919293949596979899100101102103104105106107108109110111112113114115116117118119120121122123124125126127128129130131132133134135136137138139140141142143144145146147148149150151152153154155156157158159160161162163164165GRAPH 0.6 595435.6 ENDGRAPH
totalRIbsize: 102040
totla bestpath nodes: 339229
totla bestpath tcost: 120278004

Testing on Transit seed 7
123taking longer than: 20secs exiting

Testing on Transit seed 8
123456789101112131415161718192021222324252627282930313233343536373839404142434445taking longer than: 20secs exiting

Testing on Transit seed 9
123456789101112131415161718192021222324252627282930313233343536373839404142434445464748495051525354555657585960616263646566676869707172737475767778798081828384858687888990919293949596979899100101102103104105106107108109110111112113114115116117118119120121122123124125126127128129130131132133134135136137138139140141142143144145146147148149150151152153154155156157158159160161162163164165GRAPH 0.6 594959.94 ENDGRAPH
totalRIbsize: 102066
totla bestpath nodes: 347963
totla bestpath tcost: 121371829

Testing on Transit seed 10
123456789101112131415161718192021222324252627282930313233343536373839404142434445464748495051525354555657585960616263646566676869707172737475767778798081828384858687888990919293949596979899100101102103104105106107108109110111112113114115116117118119120121122123124125126127128129130131132133134135136137138139140141142143144145146147148149150151152153154155156157158159160161162163164165GRAPH 0.6 707646.9 ENDGRAPH
totalRIbsize: 101745
totla bestpath nodes: 343737
totla bestpath tcost: 143652321

Testing for stub/transit percentage: 0.700000

Testing on Transit seed 1
123456789101112131415161718192021222324252627282930313233343536373839404142434445464748495051525354555657585960616263646566676869707172737475767778798081828384858687888990919293949596979899100101102103104105106107108109110111112113114115116117118119120121122123124125126127128129130131132133134135136137138139140141142143144145146147148149150151152153154155156157158159160161162163164165GRAPH 0.7 578475.0 ENDGRAPH
totalRIbsize: 117991
totla bestpath nodes: 401300
totla bestpath tcost: 137098573

Testing on Transit seed 2
12345678910111213141516171819202122232425262728293031323334353637383940414243444546474849505152535455565758596061626364656667686970717273taking longer than: 20secs exiting

Testing on Transit seed 3
12345678910111213141516171819202122232425262728293031323334353637383940414243444546474849505152535455taking longer than: 20secs exiting

Testing on Transit seed 4
123456789101112131415161718192021222324252627282930313233343536373839404142434445464748495051525354555657585960616263646566676869707172737475767778798081828384858687888990919293949596979899100101102103104105106107108109110111112113114115116117118119120121122123124125126127128129130131132133134135136137138139140141142143144145146147148149150151152153154155156157158159160161162163164165GRAPH 0.7 531782.06 ENDGRAPH
totalRIbsize: 117951
totla bestpath nodes: 411544
totla bestpath tcost: 126032344

Testing on Transit seed 5
123456789101112131415161718192021222324252627282930313233343536373839404142434445464748495051525354555657585960616263646566676869707172737475767778798081828384858687888990919293949596979899100101102103104105106107108109110111112113114115116117118119120121122123124125126127128129130131132133134135136137138139140141142143144145146147148149150151152153154155156157158159160161162163164165GRAPH 0.7 567854.3 ENDGRAPH
totalRIbsize: 118244
totla bestpath nodes: 414461
totla bestpath tcost: 134581466

Testing on Transit seed 6
123456789101112131415161718192021222324252627282930313233343536373839404142434445464748495051525354555657585960616263646566676869707172737475767778798081828384858687888990919293949596979899100101102103104105106107108109110111112113114115116117118119120121122123124125126127128129130131132133134135136137138139140141142143144145146147148149150151152153154155156157158159160161162163164165GRAPH 0.7 600126.06 ENDGRAPH
totalRIbsize: 118094
totla bestpath nodes: 414202
totla bestpath tcost: 141629740

Testing on Transit seed 7
1234567891011121314151617181920212223242526272829303132333435363738394041424344454647484950515253545556575859606162taking longer than: 20secs exiting

Testing on Transit seed 8
1234567891011121314151617181920212223taking longer than: 20secs exiting

Testing on Transit seed 9
123456789101112131415161718192021222324252627282930313233343536373839404142434445464748495051525354555657585960616263646566676869707172737475767778798081828384858687888990919293949596979899100101102103104105106107108109110111112113114115116117118119120121122123124125126127128129130131132133134135136137138139140141142143144145146147148149150151152153154155156157158159160161162163164165GRAPH 0.7 514224.2 ENDGRAPH
totalRIbsize: 118314
totla bestpath nodes: 406045
totla bestpath tcost: 121871134

Testing on Transit seed 10
12345678910111213141516171819202122232425262728293031323334353637383940414243444546474849505152535455565758596061626364656667686970717273747576777879808182taking longer than: 20secs exiting

Testing for stub/transit percentage: 0.800000

Testing on Transit seed 1
123456789101112131415161718192021222324252627282930313233343536373839404142434445464748495051525354555657585960616263646566676869707172737475767778798081828384858687888990919293949596979899100101102103104105106107108109110111112113114115116117118119120121122123124125126127128129130131132133134135136137138139140141142143144145146147148149150151152153154155156157158159160161162163164165GRAPH 0.8 495721.9 ENDGRAPH
totalRIbsize: 135240
totla bestpath nodes: 467719
totla bestpath tcost: 134340636

Testing on Transit seed 2
123456789101112131415161718192021222324252627282930313233343536373839404142434445464748495051525354555657585960616263646566676869707172737475767778798081828384858687888990919293949596979899100101102103104105106107108109110111112113114115116117118119120121122123124125126127128129130131132133134135136137138taking longer than: 20secs exiting

Testing on Transit seed 3
123456789101112131415161718192021222324252627282930313233343536373839404142434445464748495051525354555657585960616263646566676869707172737475767778798081828384858687888990919293949596979899100101102103104105106107108109110111112113114115116117118119120121122123124125126127128129130131132133134135136137138139140141142143144145146147148149150151152153154155156157158159160161162163164165GRAPH 0.8 500169.22 ENDGRAPH
totalRIbsize: 134619
totla bestpath nodes: 497927
totla bestpath tcost: 134545514

Testing on Transit seed 4
123456789101112131415161718192021222324252627282930313233343536373839404142434445464748495051525354555657585960616263646566676869707172737475767778798081828384858687888990919293949596979899100101102103104105106107108109110111112113114115116117118119120121122123124125126127128129130131132133134135136137138139140141142143144145146147148149150151152153154155156157158159160161162163164165GRAPH 0.8 455317.12 ENDGRAPH
totalRIbsize: 134919
totla bestpath nodes: 476044
totla bestpath tcost: 123390947

Testing on Transit seed 5
123456789101112131415161718192021222324252627282930313233343536373839404142434445464748495051525354555657585960616263646566676869707172737475767778798081828384858687888990919293949596979899100101102103104105taking longer than: 20secs exiting

Testing on Transit seed 6
12345678910111213141516171819202122232425262728293031323334353637383940414243444546474849505152535455565758596061626364656667686970717273747576777879808182taking longer than: 20secs exiting

Testing on Transit seed 7
123456789101112131415161718192021222324252627282930313233343536373839404142434445464748495051525354555657585960616263646566676869707172737475767778798081828384858687888990919293949596979899100101102103104105106107108109110111112113114115116117118119120121122123124125126127128129130131132133134135136137138139140141142143144145146147148149150151152153154155156157158159160161162163164165GRAPH 0.8 540662.3 ENDGRAPH
totalRIbsize: 133980
totla bestpath nodes: 477367
totla bestpath tcost: 145978825

Testing on Transit seed 8
123456789101112131415161718192021222324252627282930313233343536373839404142434445464748495051525354555657585960616263646566676869707172737475767778798081828384858687888990919293949596979899100101102103104105106107108109110111112113114115116117118119120121122123124125126127128129130131132133134135136137138139140141142143144145146147148149150151152153154155156157158159160161162163164165GRAPH 0.8 516232.38 ENDGRAPH
totalRIbsize: 134790
totla bestpath nodes: 474783
totla bestpath tcost: 139898968

Testing on Transit seed 9
123456789101112131415161718192021222324252627282930313233343536373839404142434445464748495051525354555657585960616263646566676869707172737475767778798081828384858687888990919293949596979899100101102103104105106107108109110111112113114115116117118119120121122123124125126127128129130131132133134135136137138139140141142143144145146147148149150151152153154155156157158159160161162163164165GRAPH 0.8 461081.75 ENDGRAPH
totalRIbsize: 134837
totla bestpath nodes: 469312
totla bestpath tcost: 124953150

Testing on Transit seed 10
123456789101112131415161718192021222324252627282930313233343536373839404142434445464748495051525354555657585960616263646566676869707172737475767778798081828384858687888990919293949596979899100101102103104105106107108109110111112113114115116117118119120121122123124125126127128129130131132133134135136137138139140141142143144145146147148149150151152153154155156157158159160161162163164165GRAPH 0.8 652169.9 ENDGRAPH
totalRIbsize: 134675
totla bestpath nodes: 471099
totla bestpath tcost: 176085865

Testing for stub/transit percentage: 0.900000

Testing on Transit seed 1
123456789101112131415161718192021222324252627282930313233343536373839404142434445464748495051525354555657585960616263646566676869707172737475767778798081828384858687888990919293949596979899100101102103104105106107108109110111112113114115116117118119120121122123124125126127128129130131132133134135136137138139140141142143144145146147148149150151152153154155156157158159160161162163164165GRAPH 0.9 434699.4 ENDGRAPH
totalRIbsize: 151385
totla bestpath nodes: 512861
totla bestpath tcost: 132148627

Testing on Transit seed 2
123456789101112131415161718192021222324252627282930313233343536373839404142434445464748495051525354555657585960616263646566676869707172737475767778798081828384858687888990919293949596979899100101102103104105106107108109110111112113114115116117118119120121122123124125126127128129130131132133134135136137138139140141142143144145146147148149150151152153154155156157158159160161162163164165GRAPH 0.9 369746.75 ENDGRAPH
totalRIbsize: 151050
totla bestpath nodes: 525972
totla bestpath tcost: 112403011

Testing on Transit seed 3
123456789101112131415161718192021222324252627282930313233343536373839404142434445464748495051525354555657585960616263646566676869707172737475767778798081828384858687888990919293949596979899100101102103104105106107108109110111112113114115116117118119120121122123124125126127128129130131132133134135136137138139140141142143144145146147148149150151152153154155156157158159160161162163164165GRAPH 0.9 358421.78 ENDGRAPH
totalRIbsize: 151109
totla bestpath nodes: 507949
totla bestpath tcost: 108601802

Testing on Transit seed 4
123456789101112131415161718192021222324252627282930313233343536373839404142434445464748495051525354555657585960616263646566676869707172737475767778798081828384858687888990919293949596979899100101102103104105106107108109110111112113114115116117118119120121122123124125126127128129130131132133134135136137138139140141142143144145146147148149150151152153154155156157158159160161162163164165GRAPH 0.9 364144.12 ENDGRAPH
totalRIbsize: 151116
totla bestpath nodes: 514030
totla bestpath tcost: 110699813

Testing on Transit seed 5
123456789101112131415161718192021222324252627282930313233343536373839404142434445464748495051525354555657585960616263646566676869707172737475767778798081828384858687888990919293949596979899100101102103104105106107108109110111112113114115116117118119120121122123124125126127128129130131132133134135136137138139140141142143144145146147148149150151152153154155156157158159160161162163164165GRAPH 0.9 444440.9 ENDGRAPH
totalRIbsize: 151415
totla bestpath nodes: 528884
totla bestpath tcost: 135110029

Testing on Transit seed 6
123456789101112131415161718192021222324252627282930313233343536373839404142434445464748495051525354555657585960616263646566676869707172737475767778798081828384858687888990919293949596979899100101102103104105106107108109110111112113114115116117118119120121122123124125126127128129130131132133134135136137138139140141142143144145146147148149150151152153154155156157158159160161162163164165GRAPH 0.9 416096.1 ENDGRAPH
totalRIbsize: 151322
totla bestpath nodes: 530695
totla bestpath tcost: 126077111

Testing on Transit seed 7
123456789101112131415161718192021222324252627282930313233343536373839404142434445464748495051525354555657585960616263646566676869707172737475767778798081828384858687888990919293949596979899100101102103104105106107108109110111112113114115116117118119120121122123124125126127128129130131132133134135136137138139140141142143144145146147148149150151152153154155156157158159160161162163164165GRAPH 0.9 477052.16 ENDGRAPH
totalRIbsize: 150406
totla bestpath nodes: 538974
totla bestpath tcost: 144546793

Testing on Transit seed 8
123456789101112131415161718192021222324252627282930313233343536373839404142434445464748495051525354555657585960616263646566676869707172737475767778798081828384858687888990919293949596979899100101102103104105106107108109110111112113114115116117118119120121122123124125126127128129130131132133134135136137138139140141142143144145146147148149150151152153154155156157158159160161162163164165GRAPH 0.9 438341.38 ENDGRAPH
totalRIbsize: 151140
totla bestpath nodes: 534919
totla bestpath tcost: 133255778

Testing on Transit seed 9
123456789101112131415161718192021222324252627282930313233343536373839404142434445464748495051525354555657585960616263646566676869707172737475767778798081828384858687888990919293949596979899100101102103104105106107108109110111112113114115116117118119120121122123124125126127128129130131132133134135136137138139140141142143144145146147148149150151152153154155156157158159160161162163164165GRAPH 0.9 336423.4 ENDGRAPH
totalRIbsize: 151457
totla bestpath nodes: 489649
totla bestpath tcost: 102272724

Testing on Transit seed 10
123456789101112131415161718192021222324252627282930313233343536373839404142434445464748495051525354555657585960616263646566676869707172737475767778798081828384858687888990919293949596979899100101102103104105106107108109110111112113114115116117118119120121122123124125126127128129130131132133134135136137138139140141142143144145146147148149150151152153154155156157158159160161162163164165GRAPH 0.9 424885.38 ENDGRAPH
totalRIbsize: 151413
totla bestpath nodes: 502450
totla bestpath tcost: 128740262

Testing for stub/transit percentage: 1.000000

Testing on Transit seed 1
123456789101112131415161718192021222324252627282930313233343536373839404142434445464748495051525354555657585960616263646566676869707172737475767778798081828384858687888990919293949596979899100101102103104105106107108109110111112113114115116117118119120121122123124125126127128129130131132133134135136137138139140141142143144145146147148149150151152153154155156157158159160161162163164165GRAPH 1.0 259376.1 ENDGRAPH
totalRIbsize: 168550
totla bestpath nodes: 520191
totla bestpath tcost: 87669122

Testing on Transit seed 2
123456789101112131415161718192021222324252627282930313233343536373839404142434445464748495051525354555657585960616263646566676869707172737475767778798081828384858687888990919293949596979899100101102103104105106107108109110111112113114115116117118119120121122123124125126127128129130131132133134135136137138139140141142143144145146147148149150151152153154155156157158159160161162163164165GRAPH 1.0 259376.1 ENDGRAPH
totalRIbsize: 168550
totla bestpath nodes: 520191
totla bestpath tcost: 87669122

Testing on Transit seed 3
123456789101112131415161718192021222324252627282930313233343536373839404142434445464748495051525354555657585960616263646566676869707172737475767778798081828384858687888990919293949596979899100101102103104105106107108109110111112113114115116117118119120121122123124125126127128129130131132133134135136137138139140141142143144145146147148149150151152153154155156157158159160161162163164165GRAPH 1.0 259376.1 ENDGRAPH
totalRIbsize: 168550
totla bestpath nodes: 520191
totla bestpath tcost: 87669122

Testing on Transit seed 4
123456789101112131415161718192021222324252627282930313233343536373839404142434445464748495051525354555657585960616263646566676869707172737475767778798081828384858687888990919293949596979899100101102103104105106107108109110111112113114115116117118119120121122123124125126127128129130131132133134135136137138139140141142143144145146147148149150151152153154155156157158159160161162163164165GRAPH 1.0 259376.1 ENDGRAPH
totalRIbsize: 168550
totla bestpath nodes: 520191
totla bestpath tcost: 87669122

Testing on Transit seed 5
123456789101112131415161718192021222324252627282930313233343536373839404142434445464748495051525354555657585960616263646566676869707172737475767778798081828384858687888990919293949596979899100101102103104105106107108109110111112113114115116117118119120121122123124125126127128129130131132133134135136137138139140141142143144145146147148149150151152153154155156157158159160161162163164165GRAPH 1.0 259376.1 ENDGRAPH
totalRIbsize: 168550
totla bestpath nodes: 520191
totla bestpath tcost: 87669122

Testing on Transit seed 6
123456789101112131415161718192021222324252627282930313233343536373839404142434445464748495051525354555657585960616263646566676869707172737475767778798081828384858687888990919293949596979899100101102103104105106107108109110111112113114115116117118119120121122123124125126127128129130131132133134135136137138139140141142143144145146147148149150151152153154155156157158159160161162163164165GRAPH 1.0 259376.1 ENDGRAPH
totalRIbsize: 168550
totla bestpath nodes: 520191
totla bestpath tcost: 87669122

Testing on Transit seed 7
123456789101112131415161718192021222324252627282930313233343536373839404142434445464748495051525354555657585960616263646566676869707172737475767778798081828384858687888990919293949596979899100101102103104105106107108109110111112113114115116117118119120121122123124125126127128129130131132133134135136137138139140141142143144145146147148149150151152153154155156157158159160161162163164165GRAPH 1.0 259376.1 ENDGRAPH
totalRIbsize: 168550
totla bestpath nodes: 520191
totla bestpath tcost: 87669122

Testing on Transit seed 8
123456789101112131415161718192021222324252627282930313233343536373839404142434445464748495051525354555657585960616263646566676869707172737475767778798081828384858687888990919293949596979899100101102103104105106107108109110111112113114115116117118119120121122123124125126127128129130131132133134135136137138139140141142143144145146147148149150151152153154155156157158159160161162163164165GRAPH 1.0 259376.1 ENDGRAPH
totalRIbsize: 168550
totla bestpath nodes: 520191
totla bestpath tcost: 87669122

Testing on Transit seed 9
123456789101112131415161718192021222324252627282930313233343536373839404142434445464748495051525354555657585960616263646566676869707172737475767778798081828384858687888990919293949596979899100101102103104105106107108109110111112113114115116117118119120121122123124125126127128129130131132133134135136137138139140141142143144145146147148149150151152153154155156157158159160161162163164165GRAPH 1.0 259376.1 ENDGRAPH
totalRIbsize: 168550
totla bestpath nodes: 520191
totla bestpath tcost: 87669122

Testing on Transit seed 10
123456789101112131415161718192021222324252627282930313233343536373839404142434445464748495051525354555657585960616263646566676869707172737475767778798081828384858687888990919293949596979899100101102103104105106107108109110111112113114115116117118119120121122123124125126127128129130131132133134135136137138139140141142143144145146147148149150151152153154155156157158159160161162163164165GRAPH 1.0 259376.1 ENDGRAPH
totalRIbsize: 168550
totla bestpath nodes: 520191
totla bestpath tcost: 87669122
