501 5 2 0 0 monitored at gulf ASes, non-contiguous deploymentastypes.txt
Legend monitored at gulf ASes, non-contiguous deployment ENDLEGEND\n
numpathcap: 10
123456789101112131415161718192021222324252627282930313233343536373839404142434445464748495051525354555657585960616263646566676869707172737475767778798081828384858687888990919293949596979899100101102103104105106107108109110111112113114115116117118119120121122123124125126127128129130131132133134135136137138139140141142143144145146147148149150151152153154155156157158159160161162163164165RIB GRAPH 0.0 985114.8 ENDGRAPH ENDRIB
FIB GRAPH 0.0 408127.62 ENDGRAPH ENDFIB
totalRIbsize: 175092
totla bestpath nodes: 446669
totla bestpath tcost: 204063814

Testing for stub/transit percentage: 0.100000

Testing on Transit seed 1
numpathcap: 10
123456789101112131415161718192021222324252627282930313233343536373839404142434445464748495051525354555657585960616263646566676869707172737475767778798081828384858687888990919293949596979899100101102103104105106107108109110111112113114115116117118119120121122123124125126127128129130131132133134135136137138139140141142143144145146147148149150151152153154155156157158159160161162163164165RIB GRAPH 0.1 989014.1 ENDGRAPH ENDRIB
FIB GRAPH 0.1 411808.22 ENDGRAPH ENDFIB
totalRIbsize: 157991
totla bestpath nodes: 404025
totla bestpath tcost: 185725510

Testing on Transit seed 2
numpathcap: 10
123456789101112131415161718192021222324252627282930313233343536373839404142434445464748495051525354555657585960616263646566676869707172737475767778798081828384858687888990919293949596979899100101102103104105106107108109110111112113114115116117118119120121122123124125126127128129130131132133134135136137138139140141142143144145146147148149150151152153154155156157158159160161162163164165RIB GRAPH 0.1 977034.06 ENDGRAPH ENDRIB
FIB GRAPH 0.1 405262.72 ENDGRAPH ENDFIB
totalRIbsize: 157343
totla bestpath nodes: 403416
totla bestpath tcost: 182773492

Testing on Transit seed 3
numpathcap: 10
123456789101112131415161718192021222324252627282930313233343536373839404142434445464748495051525354555657585960616263646566676869707172737475767778798081828384858687888990919293949596979899100101102103104105106107108109110111112113114115116117118119120121122123124125126127128129130131132133134135136137138139140141142143144145146147148149150151152153154155156157158159160161162163164165RIB GRAPH 0.1 999849.0 ENDGRAPH ENDRIB
FIB GRAPH 0.1 411942.25 ENDGRAPH ENDFIB
totalRIbsize: 158731
totla bestpath nodes: 403336
totla bestpath tcost: 185785944

Testing on Transit seed 4
numpathcap: 10
123456789101112131415161718192021222324252627282930313233343536373839404142434445464748495051525354555657585960616263646566676869707172737475767778798081828384858687888990919293949596979899100101102103104105106107108109110111112113114115116117118119120121122123124125126127128129130131132133134135136137138139140141142143144145146147148149150151152153154155156157158159160161162163164165RIB GRAPH 0.1 994229.5 ENDGRAPH ENDRIB
FIB GRAPH 0.1 411661.62 ENDGRAPH ENDFIB
totalRIbsize: 158595
totla bestpath nodes: 403622
totla bestpath tcost: 185659400

Testing on Transit seed 5
numpathcap: 10
123456789101112131415161718192021222324252627282930313233343536373839404142434445464748495051525354555657585960616263646566676869707172737475767778798081828384858687888990919293949596979899100101102103104105106107108109110111112113114115116117118119120121122123124125126127128129130131132133134135136137138139140141142143144145146147148149150151152153154155156157158159160161162163164165RIB GRAPH 0.1 1079122.5 ENDGRAPH ENDRIB
FIB GRAPH 0.1 438673.94 ENDGRAPH ENDFIB
totalRIbsize: 156864
totla bestpath nodes: 410781
totla bestpath tcost: 197841955

Testing on Transit seed 6
numpathcap: 10
123456789101112131415161718192021222324252627282930313233343536373839404142434445464748495051525354555657585960616263646566676869707172737475767778798081828384858687888990919293949596979899100101102103104105106107108109110111112113114115116117118119120121122123124125126127128129130131132133134135136137138139140141142143144145146147148149150151152153154155156157158159160161162163164165RIB GRAPH 0.1 1063677.6 ENDGRAPH ENDRIB
FIB GRAPH 0.1 434001.88 ENDGRAPH ENDFIB
totalRIbsize: 157193
totla bestpath nodes: 405946
totla bestpath tcost: 195734842

Testing on Transit seed 7
numpathcap: 10
123456789101112131415161718192021222324252627282930313233343536373839404142434445464748495051525354555657585960616263646566676869707172737475767778798081828384858687888990919293949596979899100101102103104105106107108109110111112113114115116117118119120121122123124125126127128129130131132133134135136137138139140141142143144145146147148149150151152153154155156157158159160161162163164165RIB GRAPH 0.1 981872.06 ENDGRAPH ENDRIB
FIB GRAPH 0.1 405037.0 ENDGRAPH ENDFIB
totalRIbsize: 157874
totla bestpath nodes: 403212
totla bestpath tcost: 182671685

Testing on Transit seed 8
numpathcap: 10
123456789101112131415161718192021222324252627282930313233343536373839404142434445464748495051525354555657585960616263646566676869707172737475767778798081828384858687888990919293949596979899100101102103104105106107108109110111112113114115116117118119120121122123124125126127128129130131132133134135136137138139140141142143144145146147148149150151152153154155156157158159160161162163164165RIB GRAPH 0.1 988560.25 ENDGRAPH ENDRIB
FIB GRAPH 0.1 406150.62 ENDGRAPH ENDFIB
totalRIbsize: 158543
totla bestpath nodes: 403298
totla bestpath tcost: 183173942

Testing on Transit seed 9
numpathcap: 10
123456789101112131415161718192021222324252627282930313233343536373839404142434445464748495051525354555657585960616263646566676869707172737475767778798081828384858687888990919293949596979899100101102103104105106107108109110111112113114115116117118119120121122123124125126127128129130131132133134135136137138139140141142143144145146147148149150151152153154155156157158159160161162163164165RIB GRAPH 0.1 991449.3 ENDGRAPH ENDRIB
FIB GRAPH 0.1 407647.28 ENDGRAPH ENDFIB
totalRIbsize: 158585
totla bestpath nodes: 403110
totla bestpath tcost: 183848935

Testing on Transit seed 10
numpathcap: 10
123456789101112131415161718192021222324252627282930313233343536373839404142434445464748495051525354555657585960616263646566676869707172737475767778798081828384858687888990919293949596979899100101102103104105106107108109110111112113114115116117118119120121122123124125126127128129130131132133134135136137138139140141142143144145146147148149150151152153154155156157158159160161162163164165RIB GRAPH 0.1 990079.6 ENDGRAPH ENDRIB
FIB GRAPH 0.1 408744.88 ENDGRAPH ENDFIB
totalRIbsize: 158558
totla bestpath nodes: 402994
totla bestpath tcost: 184343934

Testing for stub/transit percentage: 0.200000

Testing on Transit seed 1
numpathcap: 10
123456789101112131415161718192021222324252627282930313233343536373839404142434445464748495051525354555657585960616263646566676869707172737475767778798081828384858687888990919293949596979899100101102103104105106107108109110111112113114115116117118119120121122123124125126127128129130131132133134135136137138139140141142143144145146147148149150151152153154155156157158159160161162163164165RIB GRAPH 0.2 986990.3 ENDGRAPH ENDRIB
FIB GRAPH 0.2 412070.72 ENDGRAPH ENDFIB
totalRIbsize: 138961
totla bestpath nodes: 361594
totla bestpath tcost: 164828294

Testing on Transit seed 2
numpathcap: 10
123456789101112131415161718192021222324252627282930313233343536373839404142434445464748495051525354555657585960616263646566676869707172737475767778798081828384858687888990919293949596979899100101102103104105106107108109110111112113114115116117118119120121122123124125126127128129130131132133134135136137138139140141142143144145146147148149150151152153154155156157158159160161162163164165RIB GRAPH 0.2 1006433.06 ENDGRAPH ENDRIB
FIB GRAPH 0.2 419855.88 ENDGRAPH ENDFIB
totalRIbsize: 138494
totla bestpath nodes: 363652
totla bestpath tcost: 167942356

Testing on Transit seed 3
numpathcap: 10
123456789101112131415161718192021222324252627282930313233343536373839404142434445464748495051525354555657585960616263646566676869707172737475767778798081828384858687888990919293949596979899100101102103104105106107108109110111112113114115116117118119120121122123124125126127128129130131132133134135136137138139140141142143144145146147148149150151152153154155156157158159160161162163164165RIB GRAPH 0.2 999035.2 ENDGRAPH ENDRIB
FIB GRAPH 0.2 406195.4 ENDGRAPH ENDFIB
totalRIbsize: 140912
totla bestpath nodes: 360507
totla bestpath tcost: 162478164

Testing on Transit seed 4
numpathcap: 10
123456789101112131415161718192021222324252627282930313233343536373839404142434445464748495051525354555657585960616263646566676869707172737475767778798081828384858687888990919293949596979899100101102103104105106107108109110111112113114115116117118119120121122123124125126127128129130131132133134135136137138139140141142143144145146147148149150151152153154155156157158159160161162163164165RIB GRAPH 0.2 1015886.56 ENDGRAPH ENDRIB
FIB GRAPH 0.2 414198.28 ENDGRAPH ENDFIB
totalRIbsize: 140178
totla bestpath nodes: 361950
totla bestpath tcost: 165679310

Testing on Transit seed 5
numpathcap: 10
123456789101112131415161718192021222324252627282930313233343536373839404142434445464748495051525354555657585960616263646566676869707172737475767778798081828384858687888990919293949596979899100101102103104105106107108109110111112113114115116117118119120121122123124125126127128129130131132133134135136137138139140141142143144145146147148149150151152153154155156157158159160161162163164165RIB GRAPH 0.2 1097260.4 ENDGRAPH ENDRIB
FIB GRAPH 0.2 444575.38 ENDGRAPH ENDFIB
totalRIbsize: 139275
totla bestpath nodes: 364298
totla bestpath tcost: 177830139

Testing on Transit seed 6
numpathcap: 10
123456789101112131415161718192021222324252627282930313233343536373839404142434445464748495051525354555657585960616263646566676869707172737475767778798081828384858687888990919293949596979899100101102103104105106107108109110111112113114115116117118119120121122123124125126127128129130131132133134135136137138139140141142143144145146147148149150151152153154155156157158159160161162163164165RIB GRAPH 0.2 1072312.8 ENDGRAPH ENDRIB
FIB GRAPH 0.2 442129.72 ENDGRAPH ENDFIB
totalRIbsize: 139476
totla bestpath nodes: 359462
totla bestpath tcost: 176851894

Testing on Transit seed 7
numpathcap: 10
123456789101112131415161718192021222324252627282930313233343536373839404142434445464748495051525354555657585960616263646566676869707172737475767778798081828384858687888990919293949596979899100101102103104105106107108109110111112113114115116117118119120121122123124125126127128129130131132133134135136137138139140141142143144145146147148149150151152153154155156157158159160161162163164165RIB GRAPH 0.2 999208.94 ENDGRAPH ENDRIB
FIB GRAPH 0.2 412694.0 ENDGRAPH ENDFIB
totalRIbsize: 140067
totla bestpath nodes: 359669
totla bestpath tcost: 165077603

Testing on Transit seed 8
numpathcap: 10
123456789101112131415161718192021222324252627282930313233343536373839404142434445464748495051525354555657585960616263646566676869707172737475767778798081828384858687888990919293949596979899100101102103104105106107108109110111112113114115116117118119120121122123124125126127128129130131132133134135136137138139140141142143144145146147148149150151152153154155156157158159160161162163164165RIB GRAPH 0.2 985738.3 ENDGRAPH ENDRIB
FIB GRAPH 0.2 398196.12 ENDGRAPH ENDFIB
totalRIbsize: 140737
totla bestpath nodes: 357937
totla bestpath tcost: 159278446

Testing on Transit seed 9
numpathcap: 10
123456789101112131415161718192021222324252627282930313233343536373839404142434445464748495051525354555657585960616263646566676869707172737475767778798081828384858687888990919293949596979899100101102103104105106107108109110111112113114115116117118119120121122123124125126127128129130131132133134135136137138139140141142143144145146147148149150151152153154155156157158159160161162163164165RIB GRAPH 0.2 992028.5 ENDGRAPH ENDRIB
FIB GRAPH 0.2 408980.16 ENDGRAPH ENDFIB
totalRIbsize: 140361
totla bestpath nodes: 359912
totla bestpath tcost: 163592071

Testing on Transit seed 10
numpathcap: 10
123456789101112131415161718192021222324252627282930313233343536373839404142434445464748495051525354555657585960616263646566676869707172737475767778798081828384858687888990919293949596979899100101102103104105106107108109110111112113114115116117118119120121122123124125126127128129130131132133134135136137138139140141142143144145146147148149150151152153154155156157158159160161162163164165RIB GRAPH 0.2 1006781.1 ENDGRAPH ENDRIB
FIB GRAPH 0.2 413051.3 ENDGRAPH ENDFIB
totalRIbsize: 141250
totla bestpath nodes: 358956
totla bestpath tcost: 165220533

Testing for stub/transit percentage: 0.300000

Testing on Transit seed 1
numpathcap: 10
123456789101112131415161718192021222324252627282930313233343536373839404142434445464748495051525354555657585960616263646566676869707172737475767778798081828384858687888990919293949596979899100101102103104105106107108109110111112113114115116117118119120121122123124125126127128129130131132133134135136137138139140141142143144145146147148149150taking longer than: 30stopping this run
removing rib and fib entries for : 490
151152153154155156157158159160161162163164165RIB GRAPH 0.3 951857.75 ENDGRAPH ENDRIB
FIB GRAPH 0.3 410313.22 ENDGRAPH ENDFIB
totalRIbsize: 117247
totla bestpath nodes: 321739
totla bestpath tcost: 144019939

Testing on Transit seed 2
numpathcap: 10
123456789101112131415161718192021222324252627282930313233343536373839404142434445464748495051525354555657585960616263646566676869707172737475767778798081828384858687888990919293949596979899100101102103104105106107108109110111112113114115116117118119120121122123124125126127128129130131132133134135136137taking longer than: 30stopping this run
removing rib and fib entries for : 482
138139140141142143144145146147148149150151152153154155156157158159160161162163164165RIB GRAPH 0.3 978062.4 ENDGRAPH ENDRIB
FIB GRAPH 0.3 414290.0 ENDGRAPH ENDFIB
totalRIbsize: 118823
totla bestpath nodes: 322704
totla bestpath tcost: 145415789

Testing on Transit seed 3
numpathcap: 10
123456789101112131415161718192021222324252627282930313233343536373839404142434445464748495051525354555657585960616263646566676869707172737475767778798081828384858687888990919293949596979899100101102103104105106107108109110111112113114115116117118119120121122123124125126127128129130131132133134135136137138139140141142143144145146147148149150151152153154155156157158159160161162163164165RIB GRAPH 0.3 1034594.25 ENDGRAPH ENDRIB
FIB GRAPH 0.3 419431.62 ENDGRAPH ENDFIB
totalRIbsize: 124033
totla bestpath nodes: 319143
totla bestpath tcost: 147220498

Testing on Transit seed 4
numpathcap: 10
123456789101112131415161718192021222324252627282930313233343536373839404142434445464748495051525354555657585960616263646566676869707172737475767778798081828384858687888990919293949596979899100101102103104105106107108109110111112113114115116117118119120121122123124125126127128129130131132133134135taking longer than: 30stopping this run
removing rib and fib entries for : 481
136137138139140141142143144145146147148149150151152153154155156157158159160161162163164165RIB GRAPH 0.3 968541.9 ENDGRAPH ENDRIB
FIB GRAPH 0.3 416558.4 ENDGRAPH ENDFIB
totalRIbsize: 114940
totla bestpath nodes: 322052
totla bestpath tcost: 146212005

Testing on Transit seed 5
numpathcap: 10
12taking longer than: 30stopping this run
removing rib and fib entries for : 269
3456789101112131415161718192021222324252627282930313233343536373839404142434445464748495051525354555657585960616263646566676869707172737475767778798081828384858687888990919293949596979899100101102103104105106107108109110111112113114115116117118119120121122123124125126127128129130131132133134135136137138139140141142143144145146147148149150151152153154155156157158159160161162163164165RIB GRAPH 0.3 811787.9 ENDGRAPH ENDRIB
FIB GRAPH 0.3 428265.84 ENDGRAPH ENDFIB
totalRIbsize: 94899
totla bestpath nodes: 339005
totla bestpath tcost: 150321310

Testing on Transit seed 6
numpathcap: 10
123456789101112131415161718192021222324252627282930313233343536373839404142434445464748495051525354555657585960616263646566676869707172737475767778798081828384858687888990919293949596979899100101102103104105106107108109110111112113114115116117118119120121122123124125126127128129130131132133134135136137138139140141142143144145146147148149150151152153154155156157158159160161162163164165RIB GRAPH 0.3 1077573.0 ENDGRAPH ENDRIB
FIB GRAPH 0.3 444712.44 ENDGRAPH ENDFIB
totalRIbsize: 121455
totla bestpath nodes: 322968
totla bestpath tcost: 156094064

Testing on Transit seed 7
numpathcap: 10
123456789101112131415161718192021222324252627282930313233343536373839404142434445464748495051525354555657585960616263646566676869707172737475767778798081828384858687888990919293949596979899100101102103104105106107108109110111112113114115116117118119120121122123124125126127128129130131132133134135136137138139140141142143144145146147148149150151152153154155156157158159160161162163164165RIB GRAPH 0.3 997232.94 ENDGRAPH ENDRIB
FIB GRAPH 0.3 409350.2 ENDGRAPH ENDFIB
totalRIbsize: 122112
totla bestpath nodes: 320627
totla bestpath tcost: 143681917

Testing on Transit seed 8
numpathcap: 10
123456789101112131415161718192021222324252627282930313233343536373839404142434445464748495051525354555657585960616263646566676869707172737475767778798081828384858687888990919293949596979899100101102103104105106107108109110111112113114115116117118119120121122123124125126127128129130131132133134135136137138139140141142143144145146147148149150151152153154155156157158159160161162163164165RIB GRAPH 0.3 964548.1 ENDGRAPH ENDRIB
FIB GRAPH 0.3 396121.25 ENDGRAPH ENDFIB
totalRIbsize: 121823
totla bestpath nodes: 325755
totla bestpath tcost: 139038562

Testing on Transit seed 9
numpathcap: 10
123456789101112131415161718192021222324252627282930313233343536373839404142434445464748495051525354555657585960616263646566676869707172737475767778798081828384858687888990919293949596979899100101102103104105106107108109110111112113114115116117118119120121122123124125126127128129130131132133134135136137138139140141142143144145146147148149150151152153154155156157158159160161162163164165RIB GRAPH 0.3 960003.0 ENDGRAPH ENDRIB
FIB GRAPH 0.3 404810.84 ENDGRAPH ENDFIB
totalRIbsize: 121679
totla bestpath nodes: 320222
totla bestpath tcost: 142088614

Testing on Transit seed 10
numpathcap: 10
123456789101112131415161718192021222324252627282930313233343536373839404142434445464748495051525354555657585960616263646566676869707172737475767778798081828384858687888990919293949596979899100101102103104105106107108109110111112113114115116117118119120121122123124125126127128129130131132133134135136137138139140141142143144145146147148149150151152153154155156157158159160161162163164165RIB GRAPH 0.3 1040147.5 ENDGRAPH ENDRIB
FIB GRAPH 0.3 423080.97 ENDGRAPH ENDFIB
totalRIbsize: 123515
totla bestpath nodes: 319323
totla bestpath tcost: 148501431

Testing for stub/transit percentage: 0.400000

Testing on Transit seed 1
numpathcap: 10
123456789101112131415161718192021222324252627282930313233343536373839404142434445464748495051525354555657585960616263646566676869707172737475767778798081828384858687888990919293949596979899100101102103104105106107108109110111112113114115116117118119120121122123124125126127128taking longer than: 30stopping this run
removing rib and fib entries for : 219
129130131132133134135136137138139140141142143144145146147148149150151152153154155156157158159160161162163164165RIB GRAPH 0.4 746512.7 ENDGRAPH ENDRIB
FIB GRAPH 0.4 340121.84 ENDGRAPH ENDFIB
totalRIbsize: 86218
totla bestpath nodes: 259044
totla bestpath tcost: 102036553

Testing on Transit seed 2
numpathcap: 10
123456789101112taking longer than: 30stopping this run
removing rib and fib entries for : 300
131415161718192021222324252627282930313233343536373839404142434445464748495051525354555657585960616263646566676869707172737475767778798081828384858687888990919293949596979899100101102103104105106107108109110111112113114115116117118119120121122123124125126127128129130131132133134135136137138139140141142143144145146147148149150151152153154155156157158159160161162163164165RIB GRAPH 0.4 1016785.94 ENDGRAPH ENDRIB
FIB GRAPH 0.4 444976.62 ENDGRAPH ENDFIB
totalRIbsize: 97920
totla bestpath nodes: 290761
totla bestpath tcost: 133492982

Testing on Transit seed 3
numpathcap: 10
123456789101112131415161718192021222324252627282930313233343536373839404142434445464748495051525354555657585960616263646566676869707172737475767778798081828384858687888990919293949596979899100101102103104105106107108109110111112113114115116117118119120121122123124125126127128129130131132133134135136137138139140141142143144145146147148149150151152153154155156157158159160161162163164165RIB GRAPH 0.4 1055356.8 ENDGRAPH ENDRIB
FIB GRAPH 0.4 431105.8 ENDGRAPH ENDFIB
totalRIbsize: 106489
totla bestpath nodes: 275766
totla bestpath tcost: 129331745

Testing on Transit seed 4
numpathcap: 10
123456789101112131415161718192021222324252627282930313233343536373839404142434445464748495051525354555657585960616263646566676869707172737475767778798081828384858687888990919293949596979899100101102103104105106107108109110111112113114115116117118119120121122123124125126127128129130131132133134135136137138139140141142143144145146147148149150151152153154155156157158159160161162163164165RIB GRAPH 0.4 961540.4 ENDGRAPH ENDRIB
FIB GRAPH 0.4 409057.4 ENDGRAPH ENDFIB
totalRIbsize: 102012
totla bestpath nodes: 292641
totla bestpath tcost: 122717223

Testing on Transit seed 5
numpathcap: 10
123456789101112131415161718192021222324252627282930313233343536373839404142434445464748495051525354555657585960616263646566676869707172737475767778798081828384858687888990919293949596979899100101102103104105106107108109110111112113114115116117118119120121122123124125126127128129130131132133134135136137138139140141142143144145146147148149150151152153154155156157158159160161162163164165RIB GRAPH 0.4 917471.8 ENDGRAPH ENDRIB
FIB GRAPH 0.4 400929.62 ENDGRAPH ENDFIB
totalRIbsize: 101335
totla bestpath nodes: 305954
totla bestpath tcost: 120278886

Testing on Transit seed 6
numpathcap: 10
123456789101112131415161718192021222324252627282930313233343536373839404142434445464748495051525354555657585960616263646566676869707172737475767778798081828384858687888990919293949596979899100101102103104105106107108109110111112113114115116117118119120121122123124125126127128129130131132133134135136137138139140141142143144145146147148149150151152153154155156157158159160161162163164165RIB GRAPH 0.4 1044110.8 ENDGRAPH ENDRIB
FIB GRAPH 0.4 433039.88 ENDGRAPH ENDFIB
totalRIbsize: 102270
totla bestpath nodes: 288231
totla bestpath tcost: 129911963

Testing on Transit seed 7
numpathcap: 10
123456789101112131415161718192021222324252627282930313233343536373839404142434445464748495051525354taking longer than: 30stopping this run
removing rib and fib entries for : 393
555657585960616263646566676869707172737475767778798081828384858687888990919293949596979899100101102103104105106107108109110111112113114115116117118119120121122123124125126127128129130131132133134135136137138139140141142143144145146147148149150151152153154155156157158159160161162163164165RIB GRAPH 0.4 736715.5 ENDGRAPH ENDRIB
FIB GRAPH 0.4 363259.38 ENDGRAPH ENDFIB
totalRIbsize: 81067
totla bestpath nodes: 267135
totla bestpath tcost: 108977819

Testing on Transit seed 8
numpathcap: 10
123456789101112131415161718192021222324252627282930313233343536373839404142434445464748495051525354555657585960616263646566676869707172737475767778798081828384858687888990919293949596979899100101102103104105106107108109110111112113114115116117118119120121122123124125126127128129130131132133134135136137138139140141142143144145146147148149150151152153154155156157158159160161162163164165RIB GRAPH 0.4 902944.56 ENDGRAPH ENDRIB
FIB GRAPH 0.4 376608.66 ENDGRAPH ENDFIB
totalRIbsize: 103290
totla bestpath nodes: 276606
totla bestpath tcost: 112982597

Testing on Transit seed 9
numpathcap: 10
1234567891011121314151617181920212223taking longer than: 30stopping this run
removing rib and fib entries for : 334
24252627282930313233343536373839404142434445464748495051525354555657585960616263646566676869707172737475767778798081828384858687888990919293949596979899100101102103104105106107108109110111112113114115116117118119120121122123124125126127128129130131132133134135136137138139140141142143144145146147148149150151152153154155156157158159160161162163164165RIB GRAPH 0.4 712727.44 ENDGRAPH ENDRIB
FIB GRAPH 0.4 437176.7 ENDGRAPH ENDFIB
totalRIbsize: 60219
totla bestpath nodes: 273541
totla bestpath tcost: 131153010

Testing on Transit seed 10
numpathcap: 10
123456789101112131415161718192021222324252627282930313233343536373839404142434445464748495051525354555657585960616263646566676869707172737475767778798081828384858687888990919293949596979899100101102103104105106107108109110111112113114115116117118119120121122123124125126127128129130131132133134135136137138139140141142143144145146147148149150151152153154155156157158159160161162163164165RIB GRAPH 0.4 1059507.1 ENDGRAPH ENDRIB
FIB GRAPH 0.4 431489.2 ENDGRAPH ENDFIB
totalRIbsize: 104973
totla bestpath nodes: 276914
totla bestpath tcost: 129446763

Testing for stub/transit percentage: 0.500000

Testing on Transit seed 1
numpathcap: 10
123456789101112131415161718192021222324252627282930313233343536373839404142434445464748495051525354555657585960616263646566676869707172737475767778798081828384858687888990919293949596979899100101102103104105106107108109110111112113114115116117118119120121122123124125126127128129130131132133134135136137138139140141142143144145146147148149150151152153154155156157158159160161162163164165RIB GRAPH 0.5 881071.4 ENDGRAPH ENDRIB
FIB GRAPH 0.5 380497.3 ENDGRAPH ENDFIB
totalRIbsize: 85235
totla bestpath nodes: 245140
totla bestpath tcost: 95504822

Testing on Transit seed 2
numpathcap: 10
123456789101112131415161718192021222324252627282930313233343536373839404142434445464748495051525354555657585960616263646566676869707172737475767778798081828384858687888990919293949596979899100101102103104105106107108109110111112113114115116117118119120121122123124125126127128129130131132133134135136137138139140141142143144145146147148149150151152153154155156157158159160161162163164165RIB GRAPH 0.5 1023452.94 ENDGRAPH ENDRIB
FIB GRAPH 0.5 417919.62 ENDGRAPH ENDFIB
totalRIbsize: 85834
totla bestpath nodes: 240367
totla bestpath tcost: 104897821

Testing on Transit seed 3
numpathcap: 10
1234567891011121314151617181920212223242526272829303132333435363738394041424344454647484950taking longer than: 30stopping this run
removing rib and fib entries for : 387
51525354555657585960616263646566676869707172737475767778798081828384858687888990919293949596979899100101102103104105106107108109110111112113114115116117118119120121122123124125126127128129130131132133134135136137138139140141142143144145146147148149150151152153154155156157158159160161162163164165RIB GRAPH 0.5 1003316.3 ENDGRAPH ENDRIB
FIB GRAPH 0.5 426635.06 ENDGRAPH ENDFIB
totalRIbsize: 83626
totla bestpath nodes: 237049
totla bestpath tcost: 107085397

Testing on Transit seed 4
numpathcap: 10
123456789101112131415161718192021222324252627282930313233343536373839404142434445464748495051525354555657585960616263646566676869707172737475767778798081828384858687888990919293949596979899100101102103104105106107108109110111112113114115116117118119120121122123124125126127128129130131132133134135136137138139140141142143144145146147148149150151152153154155156157158159160161162163164165RIB GRAPH 0.5 977939.2 ENDGRAPH ENDRIB
FIB GRAPH 0.5 407755.6 ENDGRAPH ENDFIB
totalRIbsize: 85591
totla bestpath nodes: 250978
totla bestpath tcost: 102346654

Testing on Transit seed 5
numpathcap: 10
123456789101112131415161718192021222324252627282930313233343536373839404142434445464748495051525354555657585960616263646566676869707172737475767778798081828384858687888990919293949596979899100101102103104105106107108109110111112113114115116117118119120121122123124125126127128129130131132133134135136137138139140141142143144145146147148149150151152153154155156157158159160161162163164165RIB GRAPH 0.5 900038.8 ENDGRAPH ENDRIB
FIB GRAPH 0.5 397535.38 ENDGRAPH ENDFIB
totalRIbsize: 84771
totla bestpath nodes: 257991
totla bestpath tcost: 99781380

Testing on Transit seed 6
numpathcap: 10
123456789101112131415161718192021222324252627282930313233343536373839404142434445464748495051525354555657585960616263646566676869707172737475767778798081828384858687888990919293949596979899100101102103104105106107108109110111112113114115116117118119120121122123124125126127128129130131132133134135136137138139140141142143144145146147148149150151152153154155156157158159160161162163164165RIB GRAPH 0.5 998653.06 ENDGRAPH ENDRIB
FIB GRAPH 0.5 422282.7 ENDGRAPH ENDFIB
totalRIbsize: 85330
totla bestpath nodes: 251472
totla bestpath tcost: 105992951

Testing on Transit seed 7
numpathcap: 10
123456789101112131415161718192021222324252627282930313233343536373839404142434445464748495051525354555657585960616263646566676869707172737475767778798081828384858687888990taking longer than: 30stopping this run
removing rib and fib entries for : 438
919293949596979899100101102103104105106107108109110111112113114115116117118119120121122123124125126127128129130131132133134135136137138139140141142143144145146147148149150151152153154155156157158159160161162163164165RIB GRAPH 0.5 806054.2 ENDGRAPH ENDRIB
FIB GRAPH 0.5 386291.0 ENDGRAPH ENDFIB
totalRIbsize: 71187
totla bestpath nodes: 226061
totla bestpath tcost: 96959038

Testing on Transit seed 8
numpathcap: 10
123456789101112131415161718192021222324252627282930313233343536373839404142434445464748495051525354555657585960616263646566676869707172737475767778798081taking longer than: 30stopping this run
removing rib and fib entries for : 428
828384858687888990919293949596979899100101102103104105106107108109110111112113114115116117118119120121122123124125126127128129130131132133134135136137138139140141142143144145146147148149150151152153154155156157158159160161162163164165RIB GRAPH 0.5 688372.94 ENDGRAPH ENDRIB
FIB GRAPH 0.5 336630.3 ENDGRAPH ENDFIB
totalRIbsize: 60693
totla bestpath nodes: 205525
totla bestpath tcost: 84494208

Testing on Transit seed 9
numpathcap: 10
123456789101112131415161718192021222324252627282930313233343536373839404142434445464748495051525354555657585960616263646566676869707172737475767778798081828384858687888990919293949596979899100101102103104105106107108109110111112113114115116117118119120121122123124125126127128129130131132133134135136137138139140141142143144145146147148149150151152153154155156157158159160161162163164165RIB GRAPH 0.5 916214.75 ENDGRAPH ENDRIB
FIB GRAPH 0.5 397355.1 ENDGRAPH ENDFIB
totalRIbsize: 84696
totla bestpath nodes: 253202
totla bestpath tcost: 99736128

Testing on Transit seed 10
numpathcap: 10
123456789101112131415161718192021222324252627282930313233343536373839404142434445464748495051525354555657585960616263646566676869707172737475767778798081828384858687888990919293949596979899100101102103104105106107108109110111112113114115116117118119120121122123124125126127128129130131132133134135136137138139140141142143144145146147148149150151152153154155156157158159160161162163164165RIB GRAPH 0.5 1081612.2 ENDGRAPH ENDRIB
FIB GRAPH 0.5 443170.5 ENDGRAPH ENDFIB
totalRIbsize: 86497
totla bestpath nodes: 237809
totla bestpath tcost: 111235791

Testing for stub/transit percentage: 0.600000

Testing on Transit seed 1
numpathcap: 10
123456789101112131415161718192021222324252627282930313233343536373839404142434445464748495051525354555657585960616263646566676869707172737475767778798081828384858687888990919293949596979899100101102103104105106107108109110111112113114115116117118119120121122123124125126127128129130131132133134135136137138139140141142143144145146147148149150151152153154155156157158159160161162163164165RIB GRAPH 0.6 820776.6 ENDGRAPH ENDRIB
FIB GRAPH 0.6 350488.03 ENDGRAPH ENDFIB
totalRIbsize: 67767
totla bestpath nodes: 196659
totla bestpath tcost: 70097607

Testing on Transit seed 2
numpathcap: 10
123456789101112131415161718192021222324252627282930313233343536373839404142434445464748495051525354555657585960616263646566676869707172737475767778798081828384858687888990919293949596979899100101102103104105106107108109110111112113114115116117118119120121122123124125126127128129130131132133134135136137138139140141142143144145146147148149150151152153taking longer than: 30stopping this run
removing rib and fib entries for : 492
154155156157158159160161162163164165RIB GRAPH 0.6 969681.6 ENDGRAPH ENDRIB
FIB GRAPH 0.6 403842.53 ENDGRAPH ENDFIB
totalRIbsize: 67338
totla bestpath nodes: 200323
totla bestpath tcost: 80768507

Testing on Transit seed 3
numpathcap: 10
123456789101112131415161718192021222324252627282930313233343536373839404142434445464748495051525354555657585960616263646566676869707172737475767778798081828384858687888990919293949596979899100101102103104105106107108109110111112113114115116117118119120121122123124125126127128taking longer than: 30stopping this run
removing rib and fib entries for : 219
129130131132133134135136137138139140141142143144145146147148149150151152153154155156157158159160161162163164165RIB GRAPH 0.6 932058.75 ENDGRAPH ENDRIB
FIB GRAPH 0.6 400697.2 ENDGRAPH ENDFIB
totalRIbsize: 66383
totla bestpath nodes: 191086
totla bestpath tcost: 80139438

Testing on Transit seed 4
numpathcap: 10
123456789101112131415161718192021222324252627282930313233343536373839404142434445464748495051525354555657585960616263646566676869707172737475767778798081828384858687888990919293949596979899100101102103104105106107108109110111112113114115116117118119120121122123124125126127128129130131132133134135136137138139140141142143144145146147148149150151152153154155156157158159160161162163164165RIB GRAPH 0.6 853460.8 ENDGRAPH ENDRIB
FIB GRAPH 0.6 366412.1 ENDGRAPH ENDFIB
totalRIbsize: 67843
totla bestpath nodes: 206094
totla bestpath tcost: 73282412

Testing on Transit seed 5
numpathcap: 10
123456789101112131415161718192021222324252627282930313233343536373839404142434445464748495051525354555657585960616263646566676869707172737475767778798081828384858687888990919293949596979899100101102103104105106107108109110111112113114115116117118119120121122123124125126127128129130131132133134135136137138139140141142143144145146147148149150151152153154155156157158159160161162163164165RIB GRAPH 0.6 909939.4 ENDGRAPH ENDRIB
FIB GRAPH 0.6 400385.72 ENDGRAPH ENDFIB
totalRIbsize: 68103
totla bestpath nodes: 210817
totla bestpath tcost: 80077145

Testing on Transit seed 6
numpathcap: 10
123456789101112131415161718192021222324252627282930313233343536373839404142434445464748495051525354555657585960616263646566676869707172737475767778798081828384858687888990919293949596979899100101102103104105106107108109110111112113114115116117118119120121122123124125126127128129130131132133134135136137138139140141142143144145146147148149150151152153154155156157158159160161162163164165RIB GRAPH 0.6 917924.56 ENDGRAPH ENDRIB
FIB GRAPH 0.6 386726.53 ENDGRAPH ENDFIB
totalRIbsize: 68074
totla bestpath nodes: 200677
totla bestpath tcost: 77345302

Testing on Transit seed 7
numpathcap: 10
123taking longer than: 30stopping this run
removing rib and fib entries for : 276
456789101112131415161718192021222324252627282930313233343536373839404142434445464748495051525354555657585960616263646566676869707172737475767778798081828384858687888990919293949596979899100101102103104105106107108109110111112113114115116117118119120121122123124125126127128129130131132133134135136137138139140141142143144145146147148149150151152153154155156157158159160161162163164165RIB GRAPH 0.6 991861.25 ENDGRAPH ENDRIB
FIB GRAPH 0.6 430593.6 ENDGRAPH ENDFIB
totalRIbsize: 64319
totla bestpath nodes: 192892
totla bestpath tcost: 86118724

Testing on Transit seed 8
numpathcap: 10
123456789101112131415161718192021222324252627282930313233343536373839404142434445taking longer than: 30stopping this run
removing rib and fib entries for : 376
464748495051525354taking longer than: 30stopping this run
removing rib and fib entries for : 393
555657585960616263646566676869707172737475767778798081828384858687888990919293949596979899100101102103104105106107108109110111112113114115116117118119120121122123124125126127128129130131132133134135136137138139140141142143144145146147148149150151152153154155156157158159160161162163164165RIB GRAPH 0.6 627625.9 ENDGRAPH ENDRIB
FIB GRAPH 0.6 351239.44 ENDGRAPH ENDFIB
totalRIbsize: 39411
totla bestpath nodes: 161364
totla bestpath tcost: 70247884

Testing on Transit seed 9
numpathcap: 10
123456789101112131415161718192021222324252627282930313233343536373839404142434445464748495051525354555657585960616263646566676869707172737475767778798081828384858687888990919293949596979899100101102103104105106107108109110111112113114115116117118119120121122123124125126127128129130131132133134135136137138139140141142143144145146147148149150151152153154155156157158159160161162163164165RIB GRAPH 0.6 909553.75 ENDGRAPH ENDRIB
FIB GRAPH 0.6 393662.28 ENDGRAPH ENDFIB
totalRIbsize: 67280
totla bestpath nodes: 204737
totla bestpath tcost: 78732456

Testing on Transit seed 10
numpathcap: 10
123456789101112131415161718192021222324252627282930313233343536373839404142434445464748495051525354555657585960616263646566676869707172737475767778798081828384858687888990919293949596979899100101102103104105106107108109110111112113114115116117118119120121122123124125126127128129130131132133134135136137138139140141142143144145146147148149150151152153154155156157158159160161162163164165RIB GRAPH 0.6 1032174.06 ENDGRAPH ENDRIB
FIB GRAPH 0.6 434969.38 ENDGRAPH ENDFIB
totalRIbsize: 68115
totla bestpath nodes: 195946
totla bestpath tcost: 86993874

Testing for stub/transit percentage: 0.700000

Testing on Transit seed 1
numpathcap: 10
123456789101112131415161718192021222324252627282930313233343536373839404142434445464748495051525354555657585960616263646566676869707172737475767778798081828384858687888990919293949596979899100101102103104105106107108109110111112113114115116117118119120121122123124125126127128129130131132133134135136137138139140141142143144145146147148149150151152153154155156157158159160161162163164165RIB GRAPH 0.7 806462.2 ENDGRAPH ENDRIB
FIB GRAPH 0.7 345396.25 ENDGRAPH ENDFIB
totalRIbsize: 51101
totla bestpath nodes: 152211
totla bestpath tcost: 52154834

Testing on Transit seed 2
numpathcap: 10
12345678910111213141516171819202122232425262728293031323334353637383940414243444546474849505152535455565758596061626364656667686970717273taking longer than: 30stopping this run
removing rib and fib entries for : 419
7475767778798081828384858687888990919293949596979899100101102103104105106107108109110111112113114115116117118119120taking longer than: 30stopping this run
removing rib and fib entries for : 466
121122123124125126127128129130131132133134135136137138139140141142143144145146147148149150151152153154155156157158159160161162163164165RIB GRAPH 0.7 693802.0 ENDGRAPH ENDRIB
FIB GRAPH 0.7 346763.03 ENDGRAPH ENDFIB
totalRIbsize: 40357
totla bestpath nodes: 139535
totla bestpath tcost: 52361217

Testing on Transit seed 3
numpathcap: 10
12345678910111213141516171819202122232425262728293031323334353637383940414243444546474849505152535455taking longer than: 30stopping this run
removing rib and fib entries for : 394
5657585960616263646566676869707172737475767778798081828384858687888990919293949596979899100101102103104105106107108109110111112113114115116117118119120121122123124125126127128129130131132133134135136137138139140141142143144145146147148149150151152153154155156157158159160161162163164165RIB GRAPH 0.7 859494.7 ENDGRAPH ENDRIB
FIB GRAPH 0.7 431131.34 ENDGRAPH ENDFIB
totalRIbsize: 43445
totla bestpath nodes: 153980
totla bestpath tcost: 65100834

Testing on Transit seed 4
numpathcap: 10
123456789101112131415161718192021222324252627282930313233343536373839404142434445464748495051525354555657585960616263646566676869707172737475767778798081828384858687888990919293949596979899100101102103104105106107108109110111112113114115116117118119120121122123124125126127128129130131132133134135136137138139140141142143144145146147148149150151152153154155156157158159160161162163164165RIB GRAPH 0.7 830804.75 ENDGRAPH ENDRIB
FIB GRAPH 0.7 360230.34 ENDGRAPH ENDFIB
totalRIbsize: 51548
totla bestpath nodes: 156945
totla bestpath tcost: 54394785

Testing on Transit seed 5
numpathcap: 10
123456789101112131415161718192021222324252627282930313233343536373839404142434445464748495051525354555657585960616263646566676869707172737475767778798081828384858687888990919293949596979899100101102103104105106107108109110111112113114115116117118119120121122123124125126127128129130131132133134135136137138139140141142143144145146147148149150151152153154155156157158159160161162163164165RIB GRAPH 0.7 885028.7 ENDGRAPH ENDRIB
FIB GRAPH 0.7 391570.6 ENDGRAPH ENDFIB
totalRIbsize: 50897
totla bestpath nodes: 158508
totla bestpath tcost: 59127162

Testing on Transit seed 6
numpathcap: 10
123456789101112131415161718192021222324252627282930313233343536373839404142434445464748495051525354555657585960616263646566676869707172737475767778798081828384858687888990919293949596979899100101102103104105106107108109110111112113114115116117118119120121122123124125126127128129130131132133134135136137138139140141142143144145146147148149150151152153154155156157158159160161162163164165RIB GRAPH 0.7 951348.56 ENDGRAPH ENDRIB
FIB GRAPH 0.7 409468.5 ENDGRAPH ENDFIB
totalRIbsize: 51720
totla bestpath nodes: 158200
totla bestpath tcost: 61829744

Testing on Transit seed 7
numpathcap: 10
1234567891011121314151617181920212223242526272829303132333435363738394041424344454647484950515253545556575859606162taking longer than: 30stopping this run
removing rib and fib entries for : 402
6364656667686970717273747576777879808182838485868788taking longer than: 30stopping this run
removing rib and fib entries for : 181
8990919293949596979899100101102103104105106107108109110111112113114115116117118119120121122123124125126127128129130131132133134135136137138139140141142143144145146147148149150151152153154155156157158159160161162163164165RIB GRAPH 0.7 892866.94 ENDGRAPH ENDRIB
FIB GRAPH 0.7 381677.66 ENDGRAPH ENDFIB
totalRIbsize: 49705
totla bestpath nodes: 148433
totla bestpath tcost: 57633327

Testing on Transit seed 8
numpathcap: 10
1234567891011121314151617181920212223taking longer than: 30stopping this run
removing rib and fib entries for : 334
24252627282930313233343536373839404142434445464748495051525354555657585960616263646566676869707172737475767778798081828384858687888990919293949596979899100101102103104105106107108109110111112113114115116117118119120121122123124125126127128129130131132133134135136137138139140141142143144145146147148149150151152153154155156157158159160161162163164165RIB GRAPH 0.7 387073.75 ENDGRAPH ENDRIB
FIB GRAPH 0.7 258955.61 ENDGRAPH ENDFIB
totalRIbsize: 19202
totla bestpath nodes: 90087
totla bestpath tcost: 39102294

Testing on Transit seed 9
numpathcap: 10
123456789101112131415161718192021222324252627282930313233343536373839404142434445464748495051525354555657585960616263646566676869707172737475767778798081828384858687888990919293949596979899100101102103104105106107108109110111112113114115116117118119120121122123124125126127128129130131132133134135136137138139140141142143144145146147148149150151152153154155156157158159160161162163164165RIB GRAPH 0.7 792267.7 ENDGRAPH ENDRIB
FIB GRAPH 0.7 347945.03 ENDGRAPH ENDFIB
totalRIbsize: 50918
totla bestpath nodes: 157620
totla bestpath tcost: 52539699

Testing on Transit seed 10
numpathcap: 10
12345678910111213141516171819202122232425262728293031323334353637383940414243444546474849505152535455565758596061626364656667686970717273747576777879808182taking longer than: 30stopping this run
removing rib and fib entries for : 429
8384858687888990919293949596979899100101102103104105106107108109110111112113114115116117118119120121122123124125126127128129130131132133134135136137138139140141142143144145146147148149150151152153154155156157158159160161162163164165RIB GRAPH 0.7 1041868.5 ENDGRAPH ENDRIB
FIB GRAPH 0.7 469806.94 ENDGRAPH ENDFIB
totalRIbsize: 48640
totla bestpath nodes: 152086
totla bestpath tcost: 70940845

Testing for stub/transit percentage: 0.800000

Testing on Transit seed 1
numpathcap: 10
123456789101112131415161718192021222324252627282930313233343536373839404142434445464748495051525354555657585960616263646566676869707172737475767778798081828384858687888990919293949596979899100101102103104105106107108109110111112113114115116117118119120121122123124125126127128129130131132133134135136137138139140141142143144145146147148149150151152153154155156157158159160161162163164165RIB GRAPH 0.8 726645.2 ENDGRAPH ENDRIB
FIB GRAPH 0.8 320235.8 ENDGRAPH ENDFIB
totalRIbsize: 33662
totla bestpath nodes: 104683
totla bestpath tcost: 32023581

Testing on Transit seed 2
numpathcap: 10
123456789101112131415161718192021222324252627282930313233343536373839404142434445464748495051525354555657585960616263646566676869707172737475767778798081828384858687888990919293949596979899100101102103104105106107108109110111112113114115116117118119120121122123124125126127128129130131132133134135136137138taking longer than: 30stopping this run
removing rib and fib entries for : 227
139140141142143144145146147148149150151152153154155156157158159160161162163164165RIB GRAPH 0.8 844320.6 ENDGRAPH ENDRIB
FIB GRAPH 0.8 364816.72 ENDGRAPH ENDFIB
totalRIbsize: 33474
totla bestpath nodes: 102089
totla bestpath tcost: 36481671

Testing on Transit seed 3
numpathcap: 10
123456789101112131415161718192021222324252627282930313233343536373839404142434445464748495051525354555657585960616263646566676869707172737475767778798081828384858687888990919293949596979899100101102103104105106107108109110111112113114115116117118119120121122123124125126127128129130131132133134135136137138139140141142143144145146147148149150151152153154155156157158159160161162163164165RIB GRAPH 0.8 843664.5 ENDGRAPH ENDRIB
FIB GRAPH 0.8 376190.28 ENDGRAPH ENDFIB
totalRIbsize: 34362
totla bestpath nodes: 105746
totla bestpath tcost: 37619029

Testing on Transit seed 4
numpathcap: 10
123456789101112131415161718192021222324252627282930313233343536373839404142434445464748495051525354555657585960616263646566676869707172737475767778798081828384858687888990919293949596979899100101102103104105106107108109110111112113114115116117118119120121122123124125126127128129130131132133134135136137138139140141142143144145146147148149150151152153154155156157158159160161162163164165RIB GRAPH 0.8 766850.5 ENDGRAPH ENDRIB
FIB GRAPH 0.8 341371.44 ENDGRAPH ENDFIB
totalRIbsize: 34193
totla bestpath nodes: 105857
totla bestpath tcost: 34137146

Testing on Transit seed 5
numpathcap: 10
123456789101112131415161718192021222324252627282930313233343536373839404142434445464748495051525354555657585960616263646566676869707172737475767778798081828384858687888990919293949596979899100101102103104105taking longer than: 30stopping this run
removing rib and fib entries for : 455
106107108109110111112113114115116117118119120121122123124125126127128129130131132133134135136137138139140141142143144145146147148149150151152153154155156157158159160161162163164165RIB GRAPH 0.8 790478.5 ENDGRAPH ENDRIB
FIB GRAPH 0.8 349983.9 ENDGRAPH ENDFIB
totalRIbsize: 33206
totla bestpath nodes: 105171
totla bestpath tcost: 34998390

Testing on Transit seed 6
numpathcap: 10
12345678910111213141516171819202122232425262728293031323334353637383940414243444546474849505152535455565758596061626364656667686970717273747576777879808182taking longer than: 30stopping this run
removing rib and fib entries for : 429
8384858687888990919293949596979899100101102103104105106107108109110111112113114115116117118119120121122123124125126127128129130131132133134135136137138139140141142143144145146147148149150151152153154155156157158159160161162163164165RIB GRAPH 0.8 396008.1 ENDGRAPH ENDRIB
FIB GRAPH 0.8 171262.3 ENDGRAPH ENDFIB
totalRIbsize: 17011
totla bestpath nodes: 51514
totla bestpath tcost: 17126230

Testing on Transit seed 7
numpathcap: 10
123456789101112131415161718192021222324252627282930313233343536373839404142434445464748495051525354555657585960616263646566676869707172737475767778798081828384858687888990919293949596979899100101102103104105106107108109110111112113114115116117118119120121122123124125126127128129130131132133134135136137138139140141142143144145146147148149150151152153154155156157158159160161162163164165RIB GRAPH 0.8 792300.2 ENDGRAPH ENDRIB
FIB GRAPH 0.8 329015.03 ENDGRAPH ENDFIB
totalRIbsize: 35077
totla bestpath nodes: 99035
totla bestpath tcost: 32901504

Testing on Transit seed 8
numpathcap: 10
123456789101112131415161718192021222324252627282930313233343536373839404142434445464748495051525354555657585960616263646566676869707172737475767778798081828384858687888990919293949596979899100101102103104105106107108109110111112113114115116117118119120121122123124125126127128129130131132133134135136137138139140141142143144145146147148149150151152153154155156157158159160161162163164165RIB GRAPH 0.8 837202.94 ENDGRAPH ENDRIB
FIB GRAPH 0.8 349023.62 ENDGRAPH ENDFIB
totalRIbsize: 34620
totla bestpath nodes: 103909
totla bestpath tcost: 34902364

Testing on Transit seed 9
numpathcap: 10
123456789101112131415161718192021222324252627282930313233343536373839404142434445464748495051525354555657585960616263646566676869707172737475767778798081828384858687888990919293949596979899100101102103104105106107108109110111112113114115116117118119120121122123124125126127128129130131132133134135136137138139140141142143144145146147148149150151152153154155156157158159160161162163164165RIB GRAPH 0.8 741288.56 ENDGRAPH ENDRIB
FIB GRAPH 0.8 315334.28 ENDGRAPH ENDFIB
totalRIbsize: 33606
totla bestpath nodes: 105078
totla bestpath tcost: 31533427

Testing on Transit seed 10
numpathcap: 10
123456789101112131415161718192021222324252627282930313233343536373839404142434445464748495051525354555657585960616263646566676869707172737475767778798081828384858687888990919293949596979899100101102103104105106107108109110111112113114115116117118119120121122123124125126127128129130131132133134135136137138139140141142143144145146147148149150151152153154155156157158159160161162163164165RIB GRAPH 0.8 1027053.06 ENDGRAPH ENDRIB
FIB GRAPH 0.8 424323.03 ENDGRAPH ENDFIB
totalRIbsize: 34319
totla bestpath nodes: 102269
totla bestpath tcost: 42432303

Testing for stub/transit percentage: 0.900000

Testing on Transit seed 1
numpathcap: 10
123456789101112131415161718192021222324252627282930313233343536373839404142434445464748495051525354555657585960616263646566676869707172737475767778798081828384858687888990919293949596979899100101102103104105106107108109110111112113114115116117118119120121122123124125126127128129130131132133134135136137138139140141142143144145146147148149150151152153154155156157158159160161162163164165RIB GRAPH 0.9 656484.4 ENDGRAPH ENDRIB
FIB GRAPH 0.9 287366.0 ENDGRAPH ENDFIB
totalRIbsize: 17198
totla bestpath nodes: 52347
totla bestpath tcost: 14655666

Testing on Transit seed 2
numpathcap: 10
123456789101112131415161718192021222324252627282930313233343536373839404142434445464748495051525354555657585960616263646566676869707172737475767778798081828384858687888990919293949596979899100101102103104105106107108109110111112113114115116117118119120121122123124125126127128129130131132133134135136137138139140141142143144145146147148149150151152153154155156157158159160161162163164165RIB GRAPH 0.9 621439.44 ENDGRAPH ENDRIB
FIB GRAPH 0.9 256856.88 ENDGRAPH ENDFIB
totalRIbsize: 17570
totla bestpath nodes: 53806
totla bestpath tcost: 13099701

Testing on Transit seed 3
numpathcap: 10
123456789101112131415161718192021222324252627282930313233343536373839404142434445464748495051525354555657585960616263646566676869707172737475767778798081828384858687888990919293949596979899100101102103104105106107108109110111112113114115116117118119120121122123124125126127128129130131132133134135136137138139140141142143144145146147148149150151152153154155156157158159160161162163164165RIB GRAPH 0.9 618042.9 ENDGRAPH ENDRIB
FIB GRAPH 0.9 269695.6 ENDGRAPH ENDFIB
totalRIbsize: 17230
totla bestpath nodes: 52158
totla bestpath tcost: 13754476

Testing on Transit seed 4
numpathcap: 10
123456789101112131415161718192021222324252627282930313233343536373839404142434445464748495051525354555657585960616263646566676869707172737475767778798081828384858687888990919293949596979899100101102103104105106107108109110111112113114115116117118119120121122123124125126127128129130131132133134135136137138139140141142143144145146147148149150151152153154155156157158159160161162163164165RIB GRAPH 0.9 653776.94 ENDGRAPH ENDRIB
FIB GRAPH 0.9 291564.25 ENDGRAPH ENDFIB
totalRIbsize: 17843
totla bestpath nodes: 53690
totla bestpath tcost: 14869777

Testing on Transit seed 5
numpathcap: 10
123456789101112131415161718192021222324252627282930313233343536373839404142434445464748495051525354555657585960616263646566676869707172737475767778798081828384858687888990919293949596979899100101102103104105106107108109110111112113114115116117118119120121122123124125126127128129130131132133134135136137138139140141142143144145146147148149150151152153154155156157158159160161162163164165RIB GRAPH 0.9 728967.5 ENDGRAPH ENDRIB
FIB GRAPH 0.9 330368.94 ENDGRAPH ENDFIB
totalRIbsize: 17424
totla bestpath nodes: 54771
totla bestpath tcost: 16848815

Testing on Transit seed 6
numpathcap: 10
123456789101112131415161718192021222324252627282930313233343536373839404142434445464748495051525354555657585960616263646566676869707172737475767778798081828384858687888990919293949596979899100101102103104105106107108109110111112113114115116117118119120121122123124125126127128129130131132133134135136137138139140141142143144145146147148149150151152153154155156157158159160161162163164165RIB GRAPH 0.9 740726.7 ENDGRAPH ENDRIB
FIB GRAPH 0.9 313327.75 ENDGRAPH ENDFIB
totalRIbsize: 17758
totla bestpath nodes: 54679
totla bestpath tcost: 15979715

Testing on Transit seed 7
numpathcap: 10
123456789101112131415161718192021222324252627282930313233343536373839404142434445464748495051525354555657585960616263646566676869707172737475767778798081828384858687888990919293949596979899100101102103104105106107108109110111112113114115116117118119120121122123124125126127128129130131132133134135136137138139140141142143144145146147148149150151152153154155156157158159160161162163164165RIB GRAPH 0.9 706907.3 ENDGRAPH ENDRIB
FIB GRAPH 0.9 291786.03 ENDGRAPH ENDFIB
totalRIbsize: 18028
totla bestpath nodes: 52209
totla bestpath tcost: 14881087

Testing on Transit seed 8
numpathcap: 10
123456789101112131415161718192021222324252627282930313233343536373839404142434445464748495051525354555657585960616263646566676869707172737475767778798081828384858687888990919293949596979899100101102103104105106107108109110111112113114115116117118119120121122123124125126127128129130131132133134135136137138139140141142143144145146147148149150151152153154155156157158159160161162163164165RIB GRAPH 0.9 730215.5 ENDGRAPH ENDRIB
FIB GRAPH 0.9 293146.03 ENDGRAPH ENDFIB
totalRIbsize: 17605
totla bestpath nodes: 53934
totla bestpath tcost: 14950448

Testing on Transit seed 9
numpathcap: 10
123456789101112131415161718192021222324252627282930313233343536373839404142434445464748495051525354555657585960616263646566676869707172737475767778798081828384858687888990919293949596979899100101102103104105106107108109110111112113114115116117118119120121122123124125126127128129130131132133134135136137138139140141142143144145146147148149150151152153154155156157158159160161162163164165RIB GRAPH 0.9 575931.2 ENDGRAPH ENDRIB
FIB GRAPH 0.9 250287.88 ENDGRAPH ENDFIB
totalRIbsize: 17002
totla bestpath nodes: 51813
totla bestpath tcost: 12764682

Testing on Transit seed 10
numpathcap: 10
123456789101112131415161718192021222324252627282930313233343536373839404142434445464748495051525354555657585960616263646566676869707172737475767778798081828384858687888990919293949596979899100101102103104105106107108109110111112113114115116117118119120121122123124125126127128129130131132133134135136137138139140141142143144145146147148149150151152153154155156157158159160161162163164165RIB GRAPH 0.9 689870.2 ENDGRAPH ENDRIB
FIB GRAPH 0.9 310720.5 ENDGRAPH ENDFIB
totalRIbsize: 17220
totla bestpath nodes: 51798
totla bestpath tcost: 15846746
numpathcap: 10
123456789101112131415161718192021222324252627282930313233343536373839404142434445464748495051525354555657585960616263646566676869707172737475767778798081828384858687888990919293949596979899100101102103104105106107108109110111112113114115116117118119120121122123124125126127128129130131132133134135136137138139140141142143144145146147148149150151152153154155156157158159160161162163164165RIB GRAPH 1.0 NaN ENDGRAPH ENDRIB
FIB GRAPH 1.0 NaN ENDGRAPH ENDFIB
totalRIbsize: 0
totla bestpath nodes: 0
totla bestpath tcost: 0
