505 5 0 1 0 10 non-contiguous deployment, monitored at upgraded ASesastypes.txt
LEGEND non-contiguous deployment, monitored at upgraded ASes ENDLEGEND\n
numpathcap: 10
123456789101112131415161718192021222324252627282930313233343536373839404142434445464748495051525354555657585960616263646566676869707172737475767778798081828384858687888990919293949596979899100101102103104105106107108109110111112113114115116117118119120121122123124125126127128129130131132133134135136137138139140141142143144145146147148149150151152153154155156157158159160161162163164165RIB GRAPH 0.0 56249.062 ENDGRAPH ENDRIB
FIB GRAPH 0.0 29522.26 ENDGRAPH ENDFIB
totalRIbsize: 175092
totla bestpath nodes: 446669
totla bestpath tcost: 232215729

Testing for stub/transit percentage: 0.100000

Testing on Transit seed 1
numpathcap: 10
123456789101112131415161718192021222324252627282930313233343536373839404142434445464748495051525354555657585960616263646566676869707172737475767778798081828384858687888990919293949596979899100101102103104105106107108109110111112113114115116117118119120121122123124125126127128129130131132133134135136137138139140141142143144145146147148149150151152153154155156157158159160161162163164165RIB GRAPH 0.1 53247.305 ENDGRAPH ENDRIB
FIB GRAPH 0.1 26013.389 ENDGRAPH ENDFIB
totalRIbsize: 17187
totla bestpath nodes: 48985
totla bestpath tcost: 25072643

Testing on Transit seed 2
numpathcap: 10
123456789101112131415161718192021222324252627282930313233343536373839404142434445464748495051525354555657585960616263646566676869707172737475767778798081828384858687888990919293949596979899100101102103104105106107108109110111112113114115116117118119120121122123124125126127128129130131132133134135136137138139140141142143144145146147148149150151152153154155156157158159160161162163164165RIB GRAPH 0.1 57780.88 ENDGRAPH ENDRIB
FIB GRAPH 0.1 27591.816 ENDGRAPH ENDFIB
totalRIbsize: 17854
totla bestpath nodes: 50951
totla bestpath tcost: 26879903

Testing on Transit seed 3
numpathcap: 10
123456789101112131415161718192021222324252627282930313233343536373839404142434445464748495051525354555657585960616263646566676869707172737475767778798081828384858687888990919293949596979899100101102103104105106107108109110111112113114115116117118119120121122123124125126127128129130131132133134135136137138139140141142143144145146147148149150151152153154155156157158159160161162163164165RIB GRAPH 0.1 58493.348 ENDGRAPH ENDRIB
FIB GRAPH 0.1 31385.918 ENDGRAPH ENDFIB
totalRIbsize: 16461
totla bestpath nodes: 47408
totla bestpath tcost: 25560258

Testing on Transit seed 4
numpathcap: 10
123456789101112131415161718192021222324252627282930313233343536taking longer than: 30stopping this run
removing rib and fib entries for : 353
373839404142434445464748495051525354555657585960616263646566676869707172737475767778798081828384858687888990919293949596979899100101102103104105106107108109110111112113114115116117118119120121122123124125126127128129130131132133134135136137138139140141142143144145146147148149150151152153154155156157158159160161162163164165RIB GRAPH 0.1 54794.145 ENDGRAPH ENDRIB
FIB GRAPH 0.1 28840.203 ENDGRAPH ENDFIB
totalRIbsize: 16173
totla bestpath nodes: 48775
totla bestpath tcost: 26162361

Testing on Transit seed 5
numpathcap: 10
123456789101112131415161718192021222324252627282930313233343536373839404142434445464748495051525354555657585960616263646566676869707172737475767778798081828384858687888990taking longer than: 30stopping this run
removing rib and fib entries for : 438
919293949596979899100101102103104105106107108109110111112113114115116117118119120121122123124125126127128129130131132133134135136137138139140141142143144145146147148149150151152153154155156157158159160161162163164165RIB GRAPH 0.1 58211.53 ENDGRAPH ENDRIB
FIB GRAPH 0.1 28393.082 ENDGRAPH ENDFIB
totalRIbsize: 17699
totla bestpath nodes: 51134
totla bestpath tcost: 27779607

Testing on Transit seed 6
numpathcap: 10
123456789101112131415161718192021222324252627282930313233343536373839404142434445464748495051525354555657585960616263646566676869707172737475767778798081828384858687888990919293949596979899100101102103104105106107108109110111112113114115116117118119120121122123124125126127128129130131132133134135136137138139140141142143144145146147148149150151152153154155156157158159160161162163164165RIB GRAPH 0.1 54798.47 ENDGRAPH ENDRIB
FIB GRAPH 0.1 25439.041 ENDGRAPH ENDFIB
totalRIbsize: 17959
totla bestpath nodes: 50826
totla bestpath tcost: 26111551

Testing on Transit seed 7
numpathcap: 10
123456789101112131415161718192021222324252627282930313233343536373839404142434445464748495051525354555657585960616263646566676869707172737475767778798081828384858687888990919293949596979899100101102103104105106107108109110111112113114115116117118119120121122123124125126127128129130131132133134135136137138139140141142143144145146147148149150151152153154155156157158159160161162163164165RIB GRAPH 0.1 54104.0 ENDGRAPH ENDRIB
FIB GRAPH 0.1 27101.531 ENDGRAPH ENDFIB
totalRIbsize: 17269
totla bestpath nodes: 47608
totla bestpath tcost: 24876803

Testing on Transit seed 8
numpathcap: 10
1234567891011121314151617181920212223242526272829303132333435363738394041424344454647484950taking longer than: 30stopping this run
removing rib and fib entries for : 387
51525354555657585960616263646566676869707172737475767778798081828384858687888990919293949596979899100101102103104105106107108109110111112113114115116117118119120121122123124125126127128129130131132133134135136137138139140141142143144145146147148149150151152153154155156157158159160161162163164165RIB GRAPH 0.1 50844.285 ENDGRAPH ENDRIB
FIB GRAPH 0.1 26999.652 ENDGRAPH ENDFIB
totalRIbsize: 16223
totla bestpath nodes: 47080
totla bestpath tcost: 24307355

Testing on Transit seed 9
numpathcap: 10
123456789101112131415161718192021222324252627282930313233343536373839404142434445464748495051525354555657585960616263646566676869707172737475767778798081828384858687888990919293949596979899100101102103104105106107108109110111112113114115116117118119120121122123124125126127128129130131132133134135136137138139140141142143144145146147148149150151152153154155156157158159160161162163164165RIB GRAPH 0.1 50557.223 ENDGRAPH ENDRIB
FIB GRAPH 0.1 25744.266 ENDGRAPH ENDFIB
totalRIbsize: 16439
totla bestpath nodes: 46815
totla bestpath tcost: 24334091

Testing on Transit seed 10
numpathcap: 10
123456789101112131415161718192021222324252627282930313233343536373839404142434445464748495051525354555657585960616263646566676869707172737475767778798081828384858687888990919293949596979899100101102103104105106107108109110111112113114115116117118119120121122123124125126127128129130131132133134135136137138139140141142143144145146147148149150151152153154155156157158159160161162163164165RIB GRAPH 0.1 54813.348 ENDGRAPH ENDRIB
FIB GRAPH 0.1 27789.98 ENDGRAPH ENDFIB
totalRIbsize: 16632
totla bestpath nodes: 48154
totla bestpath tcost: 24875910

Testing for stub/transit percentage: 0.200000

Testing on Transit seed 1
numpathcap: 10
123456789101112131415161718192021222324252627282930313233343536373839404142434445464748495051525354555657585960616263646566676869707172737475767778798081828384858687888990919293949596979899100101102103104105106107108109110111112113114115116117118119120121122123124125126127128129130131132133134135136137138139140141142143144145146147148149150151152153154155156157158159160161162163164165RIB GRAPH 0.2 56153.72 ENDGRAPH ENDRIB
FIB GRAPH 0.2 27670.81 ENDGRAPH ENDFIB
totalRIbsize: 36112
totla bestpath nodes: 108313
totla bestpath tcost: 58543207

Testing on Transit seed 2
numpathcap: 10
123456789101112131415161718192021222324252627282930313233343536373839404142434445464748495051525354555657585960616263646566676869707172737475767778798081828384858687888990919293949596979899100101102103104105106107108109110111112113114115116117118119120121122123124125126127128129130131132133134135136137138139140141142143144145146147148149150151152153154155156157158159160161162163164165RIB GRAPH 0.2 56063.14 ENDGRAPH ENDRIB
FIB GRAPH 0.2 28496.68 ENDGRAPH ENDFIB
totalRIbsize: 35804
totla bestpath nodes: 110480
totla bestpath tcost: 60744560

Testing on Transit seed 3
numpathcap: 10
123456789101112131415161718192021222324252627282930313233343536373839404142434445464748495051525354555657585960616263646566676869707172737475767778798081828384858687888990919293949596979899100101102103104105106107108109110111112113114115116117118119120121122123124taking longer than: 30stopping this run
removing rib and fib entries for : 471
125126127128129130131132133134135136137138139140141142143144145146147148149150151152153154155156157158159160161162163164165RIB GRAPH 0.2 52597.26 ENDGRAPH ENDRIB
FIB GRAPH 0.2 28037.17 ENDGRAPH ENDFIB
totalRIbsize: 32904
totla bestpath nodes: 103411
totla bestpath tcost: 55866760

Testing on Transit seed 4
numpathcap: 10
12345678910111213141516171819202122232425262728293031323334353637383940414243444546474849505152535455565758596061626364656667taking longer than: 30stopping this run
removing rib and fib entries for : 410
6869707172737475767778798081828384858687888990919293949596979899100101102103104105106107108109110111112113114115116117118119120121122123124125126127128129130131132133134135136137138139140141142143144145146147148149150151152153154155156157158159160161162163164165RIB GRAPH 0.2 54644.68 ENDGRAPH ENDRIB
FIB GRAPH 0.2 29509.38 ENDGRAPH ENDFIB
totalRIbsize: 32697
totla bestpath nodes: 102489
totla bestpath tcost: 56857584

Testing on Transit seed 5
numpathcap: 10
123456789101112131415161718192021222324252627282930313233343536373839404142434445464748495051525354555657585960616263646566676869707172737475767778798081828384858687888990919293949596979899100101102103104105106107108109110111112113114115116117118119120121122123124125126127128129130131132133134135136137138139140141142143144145146147148taking longer than: 30stopping this run
removing rib and fib entries for : 233
149150151152153154155156157158159160161162163164165RIB GRAPH 0.2 57519.79 ENDGRAPH ENDRIB
FIB GRAPH 0.2 29491.18 ENDGRAPH ENDFIB
totalRIbsize: 34856
totla bestpath nodes: 107931
totla bestpath tcost: 59744744

Testing on Transit seed 6
numpathcap: 10
1234567891011121314151617181920212223242526taking longer than: 30stopping this run
removing rib and fib entries for : 340
27282930313233343536373839404142434445464748495051525354555657585960616263646566676869707172737475767778798081828384858687888990919293949596979899100101102103104105106107108109110111112113114115116117118119120121122123124125126127128129130131132133134135136137138139140141142143144145146147148149150151152153154155156157158159160161162163164165RIB GRAPH 0.2 52637.37 ENDGRAPH ENDRIB
FIB GRAPH 0.2 28269.6 ENDGRAPH ENDFIB
totalRIbsize: 32943
totla bestpath nodes: 105383
totla bestpath tcost: 58146765

Testing on Transit seed 7
numpathcap: 10
123456789101112131415161718192021222324252627282930313233343536373839404142434445464748495051525354555657585960616263646566676869707172737475767778798081828384858687888990919293949596979899100101102103104105106107108109110111112113114115116117118119120121122123124125126127128129130131132133134135136137138139140141142143144145146147148149150151152153154155156157158159160161162163164165RIB GRAPH 0.2 54905.59 ENDGRAPH ENDRIB
FIB GRAPH 0.2 28752.3 ENDGRAPH ENDFIB
totalRIbsize: 34686
totla bestpath nodes: 100645
totla bestpath tcost: 53806477

Testing on Transit seed 8
numpathcap: 10
123456789101112131415161718192021222324252627282930313233343536373839404142434445464748495051525354555657585960616263646566676869707172737475767778798081828384858687888990919293949596979899100101102103104105106107108109110111112113114115116117118119120121122123124125126127128129130131132133134135136137138139140141142143144145146147148149150151152153154155156157158159160161162163164165RIB GRAPH 0.2 52504.68 ENDGRAPH ENDRIB
FIB GRAPH 0.2 27269.61 ENDGRAPH ENDFIB
totalRIbsize: 33998
totla bestpath nodes: 102677
totla bestpath tcost: 54562919

Testing on Transit seed 9
numpathcap: 10
123456789101112131415161718192021222324252627282930313233343536373839404142434445464748495051525354555657585960616263646566676869707172737475767778798081828384858687888990919293949596979899100101102103104105106107108109110111112113114115116117118119120121122123124125126127128129130131132133134135136137138139140141142143144145146147148149150151152153154155156157158159160161162163164165RIB GRAPH 0.2 52049.48 ENDGRAPH ENDRIB
FIB GRAPH 0.2 25983.88 ENDGRAPH ENDFIB
totalRIbsize: 34655
totla bestpath nodes: 102625
totla bestpath tcost: 54491746

Testing on Transit seed 10
numpathcap: 10
123456789101112131415161718192021taking longer than: 30stopping this run
removing rib and fib entries for : 330
222324252627282930313233343536373839404142434445464748495051525354555657585960616263646566676869707172737475767778798081828384858687888990919293949596979899100101102103104105106107108109110111112113114115116117118119120121122123124125126127128129130131132133134135136137138139140141142143144145146147148149150151152153154155156157158159160161162163164165RIB GRAPH 0.2 51035.65 ENDGRAPH ENDRIB
FIB GRAPH 0.2 27226.76 ENDGRAPH ENDFIB
totalRIbsize: 31405
totla bestpath nodes: 101306
totla bestpath tcost: 53724009

Testing for stub/transit percentage: 0.300000

Testing on Transit seed 1
numpathcap: 10
1234taking longer than: 30stopping this run
removing rib and fib entries for : 278
56789101112131415161718192021222324taking longer than: 30stopping this run
removing rib and fib entries for : 335
2526272829303132333435363738taking longer than: 30stopping this run
removing rib and fib entries for : 360
39404142434445464748495051525354555657585960616263646566676869707172737475767778798081828384858687888990919293949596979899100101102103104105106107108109110111112113114115116117118119120121122123124125126127128129130131132133134135136137138139140141142143144145146147148149150151152153154155156157158159160161162163164165RIB GRAPH 0.3 49041.73 ENDGRAPH ENDRIB
FIB GRAPH 0.3 27630.303 ENDGRAPH ENDFIB
totalRIbsize: 46509
totla bestpath nodes: 165660
totla bestpath tcost: 91841468

Testing on Transit seed 2
numpathcap: 10
123456789101112131415161718192021222324252627282930313233343536373839404142434445464748495051525354555657585960616263646566676869707172737475767778798081828384858687888990919293949596979899100101102103104105106107108109110111112113114115116117118119120121122123124125126127128129130131132133134135136137138139140141142143144145146147148149150151152153154155156157158159160161162163164165RIB GRAPH 0.3 57306.99 ENDGRAPH ENDRIB
FIB GRAPH 0.3 30843.738 ENDGRAPH ENDFIB
totalRIbsize: 52593
totla bestpath nodes: 167023
totla bestpath tcost: 95237438

Testing on Transit seed 3
numpathcap: 10
1234567891011121314151617181920212223242526272829taking longer than: 30stopping this run
removing rib and fib entries for : 343
30313233343536373839404142434445464748495051525354555657585960616263646566676869707172737475767778798081828384858687888990919293949596979899100101102103104105106107108109110111112113114115116117118119120121122123124125126127128129130131132133134135136137138139140141142143144145146147148149150151152153154155156157158159160161162163164165RIB GRAPH 0.3 51501.418 ENDGRAPH ENDRIB
FIB GRAPH 0.3 29745.637 ENDGRAPH ENDFIB
totalRIbsize: 46145
totla bestpath nodes: 159194
totla bestpath tcost: 89245745

Testing on Transit seed 4
numpathcap: 10
12345678910111213141516171819202122232425262728taking longer than: 30stopping this run
removing rib and fib entries for : 342
2930313233343536373839404142434445464748495051525354555657585960616263646566676869707172737475767778798081828384858687888990919293949596979899100101102103104105106107108109110111112113114115116117118119120121122123124125126127128129130131132133134135136137138139140141142143144145146147148149150151152153154155156157158159160161162163164165RIB GRAPH 0.3 57913.633 ENDGRAPH ENDRIB
FIB GRAPH 0.3 31360.006 ENDGRAPH ENDFIB
totalRIbsize: 51448
totla bestpath nodes: 169413
totla bestpath tcost: 96793961

Testing on Transit seed 5
numpathcap: 10
123456789101112131415161718192021222324252627282930313233343536373839404142434445464748495051525354555657585960616263646566676869707172737475767778798081828384858687888990919293949596979899100101102103104105106107108109110111112113114115116117118119120121122123124125126127128129130131132133134135136137138139140141142143144145146147148149150151152153154155156157158159160161162163164165RIB GRAPH 0.3 63980.824 ENDGRAPH ENDRIB
FIB GRAPH 0.3 34357.652 ENDGRAPH ENDFIB
totalRIbsize: 52681
totla bestpath nodes: 169051
totla bestpath tcost: 99806487

Testing on Transit seed 6
numpathcap: 10
123456789101112131415161718192021222324252627282930taking longer than: 30stopping this run
removing rib and fib entries for : 344
313233343536373839404142434445464748495051525354555657585960616263646566676869707172737475767778798081828384858687888990919293949596979899100101102103104105106107108109110111112113114115116117118119120121122123124125126127128129130131132133134135136137138139140141142143144145146147148149150151152153154155156157158159160161162163164165RIB GRAPH 0.3 55594.43 ENDGRAPH ENDRIB
FIB GRAPH 0.3 30550.195 ENDGRAPH ENDFIB
totalRIbsize: 50322
totla bestpath nodes: 162265
totla bestpath tcost: 92877970

Testing on Transit seed 7
numpathcap: 10
1234567891011121314151617181920212223242526272829303132333435363738394041424344taking longer than: 30stopping this run
removing rib and fib entries for : 372
45464748495051525354555657585960616263646566676869707172737475767778798081828384858687888990919293949596979899100101102103104105106107108109110111112113114115116117118119120121122123124125126127128129130131132133134135136137138139140141142143144145146147148149150151152153154155156157158159160161162163164165RIB GRAPH 0.3 56038.918 ENDGRAPH ENDRIB
FIB GRAPH 0.3 30555.477 ENDGRAPH ENDFIB
totalRIbsize: 50463
totla bestpath nodes: 157502
totla bestpath tcost: 88663238

Testing on Transit seed 8
numpathcap: 10
123456taking longer than: 30stopping this run
removing rib and fib entries for : 282
789101112131415161718192021222324252627282930313233343536373839404142434445464748495051525354555657585960616263646566676869707172737475767778798081828384858687888990919293949596979899100101102103104105106107108109110111112113114115116117118119120121122123124125126127128129130131132133134135136137138139140141142143144145146147148149150151152153154155156157158159160161162163164165RIB GRAPH 0.3 52984.008 ENDGRAPH ENDRIB
FIB GRAPH 0.3 29948.168 ENDGRAPH ENDFIB
totalRIbsize: 48041
totla bestpath nodes: 162291
totla bestpath tcost: 91653797

Testing on Transit seed 9
numpathcap: 10
123456789101112131415161718192021222324252627282930313233343536taking longer than: 30stopping this run
removing rib and fib entries for : 353
373839404142434445464748495051525354555657585960616263646566676869707172737475767778798081828384858687888990919293949596979899100101102103104105106107108109110111112113114115116117118119120121122123124125126127128129130131132133134135136137138139140141142143144145146147148149150151152153154155156157158159160161162163164165RIB GRAPH 0.3 47312.51 ENDGRAPH ENDRIB
FIB GRAPH 0.3 27546.088 ENDGRAPH ENDFIB
totalRIbsize: 43195
totla bestpath nodes: 154932
totla bestpath tcost: 84584013

Testing on Transit seed 10
numpathcap: 10
123456789101112131415161718192021222324252627282930313233343536373839404142434445464748495051525354555657585960616263646566676869707172737475767778798081828384858687888990919293949596979899100101102103104105106107108109110111112113114115116117118119120121122123124125126127128129130131132133134135136137138139140141142143144145146147148149150151152153154155156157158159160161162163164165RIB GRAPH 0.3 55681.9 ENDGRAPH ENDRIB
FIB GRAPH 0.3 29500.799 ENDGRAPH ENDFIB
totalRIbsize: 50827
totla bestpath nodes: 161012
totla bestpath tcost: 88859341

Testing for stub/transit percentage: 0.400000

Testing on Transit seed 1
numpathcap: 10
123456789101112131415161718192021222324252627282930taking longer than: 30stopping this run
removing rib and fib entries for : 344
31taking longer than: 30stopping this run
removing rib and fib entries for : 345
3233343536373839404142434445464748495051525354555657585960616263646566676869707172737475767778798081828384858687888990919293949596979899100101102103104105106107108109110111112113114115116117118119120121122123124125126127128129130131132133134135136137138139140141142143144145146147148149150151152153154155156157158159160161162163164165RIB GRAPH 0.4 59315.715 ENDGRAPH ENDRIB
FIB GRAPH 0.4 34637.03 ENDGRAPH ENDFIB
totalRIbsize: 63321
totla bestpath nodes: 242025
totla bestpath tcost: 149587933

Testing on Transit seed 2
numpathcap: 10
12345678910111213141516171819202122232425262728293031323334353637taking longer than: 30stopping this run
removing rib and fib entries for : 358
3839404142434445464748495051525354555657585960616263646566676869707172737475767778798081828384858687888990919293949596979899100101102103104105106107108109110111112113114115116117118119120121122123124125126127128129130131132133134135136137138139140141142143144145146147148149150151152153154155156157158159160161162163164165RIB GRAPH 0.4 59448.89 ENDGRAPH ENDRIB
FIB GRAPH 0.4 33952.426 ENDGRAPH ENDFIB
totalRIbsize: 68098
totla bestpath nodes: 228542
totla bestpath tcost: 135591628

Testing on Transit seed 3
numpathcap: 10
1234567891011121314151617181920212223242526272829303132333435363738394041424344454647484950515253taking longer than: 30stopping this run
removing rib and fib entries for : 391
54555657585960616263646566676869707172737475767778798081828384858687888990919293949596979899100101102103104105106107108109110111112113114115116117118119120121122123124125126127128129130131132133134135136137138139140141142143144145146147148149150151152153154155156157158159160161162163164165RIB GRAPH 0.4 54472.184 ENDGRAPH ENDRIB
FIB GRAPH 0.4 31915.686 ENDGRAPH ENDFIB
totalRIbsize: 63699
totla bestpath nodes: 214525
totla bestpath tcost: 122375133

Testing on Transit seed 4
numpathcap: 10
12345678910111213141516171819202122232425262728293031323334353637383940taking longer than: 30stopping this run
removing rib and fib entries for : 362
4142434445464748495051525354555657585960616263646566676869707172737475767778798081828384858687888990919293949596979899100101102103104105106107108109110111112113114115116117118119120121122123124125126127128129130131132133134135136137138139140141142143144145146147148149150151152153154155156157158159160161162163164165RIB GRAPH 0.4 60505.555 ENDGRAPH ENDRIB
FIB GRAPH 0.4 35494.98 ENDGRAPH ENDFIB
totalRIbsize: 63624
totla bestpath nodes: 238977
totla bestpath tcost: 146738618

Testing on Transit seed 5
numpathcap: 10
123456789101112131415161718192021222324252627282930313233343536373839404142434445464748495051525354555657585960616263646566676869707172737475767778798081828384858687888990919293949596979899100101102103104105106107108109110111112113114115116117118119120121122123124125126127128129130131132133134135136137138139140141142143144145146147148149150151152153154155156157158159160161162163164165RIB GRAPH 0.4 68225.055 ENDGRAPH ENDRIB
FIB GRAPH 0.4 37934.54 ENDGRAPH ENDFIB
totalRIbsize: 70058
totla bestpath nodes: 235558
totla bestpath tcost: 149586130

Testing on Transit seed 6
numpathcap: 10
123456789101112131415161718192021222324252627282930313233343536373839404142434445464748495051525354555657585960616263646566676869707172737475767778798081828384858687888990919293949596979899100101102103104105106107108109110111112113114115116117118119120121122123124125126127128129130131132taking longer than: 30stopping this run
removing rib and fib entries for : 478
133134135136137138139140141142143144145146147148149150151152153154155156157158159160161162163164165RIB GRAPH 0.4 60768.43 ENDGRAPH ENDRIB
FIB GRAPH 0.4 33497.56 ENDGRAPH ENDFIB
totalRIbsize: 69124
totla bestpath nodes: 234934
totla bestpath tcost: 141203600

Testing on Transit seed 7
numpathcap: 10
123456789101112131415161718192021222324taking longer than: 30stopping this run
removing rib and fib entries for : 335
252627282930313233343536373839404142434445464748495051525354555657585960616263646566676869707172737475767778798081828384858687888990919293949596979899100101102103104105106107108109110111112113114115116117118119120121122123124125126127128129130131132133134135136137138139140141142143144145146147148149150151152153154155156157158159160161162163164165RIB GRAPH 0.4 58927.805 ENDGRAPH ENDRIB
FIB GRAPH 0.4 32867.36 ENDGRAPH ENDFIB
totalRIbsize: 67741
totla bestpath nodes: 214212
totla bestpath tcost: 125013396

Testing on Transit seed 8
numpathcap: 10
123456789101112131415161718192021222324252627282930313233343536373839404142434445464748495051525354555657585960616263646566676869707172737475767778798081828384858687888990919293949596979899100101102103104105106107108109110111112113114115116117118119120121122123124125126127128129130131132133134135136137138139140141142143144145146147taking longer than: 30stopping this run
removing rib and fib entries for : 488
148149150151152153154155156157158159160161162163164165RIB GRAPH 0.4 56820.176 ENDGRAPH ENDRIB
FIB GRAPH 0.4 31466.57 ENDGRAPH ENDFIB
totalRIbsize: 67358
totla bestpath nodes: 219417
totla bestpath tcost: 127026352

Testing on Transit seed 9
numpathcap: 10
123456789101112131415161718192021222324252627282930313233343536373839404142434445464748495051525354555657585960616263646566676869707172737475767778798081828384858687888990919293949596979899100101102103104105106107108109110111112113114115116117118119120121122123124125126127128129130131132133134135136137138139140141142143144145146147148149150151152153154155156157158159160161162163164165RIB GRAPH 0.4 60662.65 ENDGRAPH ENDRIB
FIB GRAPH 0.4 33300.875 ENDGRAPH ENDFIB
totalRIbsize: 70397
totla bestpath nodes: 242831
totla bestpath tcost: 144088398

Testing on Transit seed 10
numpathcap: 10
123456789101112131415161718192021222324252627282930313233343536373839404142434445464748495051525354555657585960616263646566676869707172737475767778798081828384858687888990919293949596979899100101102103104105106107108109110111112113114115116117118119120121122123124125126127128taking longer than: 30stopping this run
removing rib and fib entries for : 219
129130131132133134135136137138139140141142143144145146147148149150151152153154155156157158159160161162163164165RIB GRAPH 0.4 57534.22 ENDGRAPH ENDRIB
FIB GRAPH 0.4 31745.63 ENDGRAPH ENDFIB
totalRIbsize: 66392
totla bestpath nodes: 215868
totla bestpath tcost: 125098820

Testing for stub/transit percentage: 0.500000

Testing on Transit seed 1
numpathcap: 10
12345678910111213141516taking longer than: 30stopping this run
removing rib and fib entries for : 323
17181920212223242526272829taking longer than: 30stopping this run
removing rib and fib entries for : 343
30313233343536373839404142434445464748495051525354555657585960616263646566676869707172737475767778798081828384858687888990919293949596979899100101102103104105106107108109110111112113114115116117118119120121122123124125126127128129130131132133134135136137138139140141142143144145146147148149150151152153154155156157158159160161162163164165RIB GRAPH 0.5 65028.465 ENDGRAPH ENDRIB
FIB GRAPH 0.5 37418.69 ENDGRAPH ENDFIB
totalRIbsize: 81883
totla bestpath nodes: 296797
totla bestpath tcost: 187632637

Testing on Transit seed 2
numpathcap: 10
123456789101112131415161718192021222324252627282930313233343536373839404142434445464748495051525354555657585960616263646566676869707172737475767778798081828384858687888990919293949596979899100101102103104105106107108109110111112113114115116117118119120121122123124125126127128129130131132133134135136137138139140141142143144145146147148149150151152153154155156157158159160161162163164165RIB GRAPH 0.5 65900.08 ENDGRAPH ENDRIB
FIB GRAPH 0.5 37740.34 ENDGRAPH ENDFIB
totalRIbsize: 86354
totla bestpath nodes: 288705
totla bestpath tcost: 179422719

Testing on Transit seed 3
numpathcap: 10
123456789101112131415161718192021222324252627282930313233343536373839404142434445464748495051525354555657585960616263646566676869707172737475767778798081828384858687888990919293949596979899100101102103104105taking longer than: 30stopping this run
removing rib and fib entries for : 455
106107108109110111112113114115116117118119120121122123124125126127128129130131132133134135136137138139140141142143144145146147148149150151152153154155156157158159160161162163164165RIB GRAPH 0.5 57863.45 ENDGRAPH ENDRIB
FIB GRAPH 0.5 33677.86 ENDGRAPH ENDFIB
totalRIbsize: 81003
totla bestpath nodes: 272621
totla bestpath tcost: 159615961

Testing on Transit seed 4
numpathcap: 10
123456789101112131415161718192021222324252627282930313233343536373839404142434445464748495051525354555657585960616263646566676869707172737475767778798081828384858687888990919293949596979899100101102103104105106107108109110111112113114115116117118119120121122123124125126127128129130131132133134135136137138139140141142143144145146147148149150151152153154155156157158159160161162163164165RIB GRAPH 0.5 71620.64 ENDGRAPH ENDRIB
FIB GRAPH 0.5 40456.402 ENDGRAPH ENDFIB
totalRIbsize: 85969
totla bestpath nodes: 295550
totla bestpath tcost: 189351975

Testing on Transit seed 5
numpathcap: 10
123456789101112131415161718192021222324252627282930313233343536373839404142434445464748495051525354555657585960616263646566676869707172737475767778798081828384858687888990919293949596979899100101102103104105106107108109110111112113114115116117118119120121122123124125126127128129130131132133134135136137138139140141142143144145146147148149150151152153154155156157158159160161162163164165RIB GRAPH 0.5 74202.63 ENDGRAPH ENDRIB
FIB GRAPH 0.5 42569.83 ENDGRAPH ENDFIB
totalRIbsize: 85654
totla bestpath nodes: 298678
totla bestpath tcost: 197265571

Testing on Transit seed 6
numpathcap: 10
123456789101112131415161718192021222324252627282930313233343536373839404142434445464748495051525354555657585960616263646566676869707172737475767778798081828384858687888990919293949596979899100101102103104105106107108109110111112113114115116117118119120121122123124125126127128129130131132133134135136137138139140141142143144145146147148149150151152153154155156157158159160161162163164165RIB GRAPH 0.5 64550.152 ENDGRAPH ENDRIB
FIB GRAPH 0.5 36060.906 ENDGRAPH ENDFIB
totalRIbsize: 86381
totla bestpath nodes: 302256
totla bestpath tcost: 186124995

Testing on Transit seed 7
numpathcap: 10
12345678910111213141516171819202122232425262728293031323334353637383940414243444546474849taking longer than: 30stopping this run
removing rib and fib entries for : 386
5051525354555657585960616263646566676869707172737475767778798081828384858687888990919293949596979899100101102103104105106107108109110111112113114115116117118119120121122123124125126127128129130131132133134135136137138139140141142143144145146147148149150151152153154155156157158159160161162163164165RIB GRAPH 0.5 57494.2 ENDGRAPH ENDRIB
FIB GRAPH 0.5 33275.336 ENDGRAPH ENDFIB
totalRIbsize: 81376
totla bestpath nodes: 268629
totla bestpath tcost: 158504065

Testing on Transit seed 8
numpathcap: 10
12345678910111213141516171819202122232425262728293031323334taking longer than: 30stopping this run
removing rib and fib entries for : 348
3536373839404142434445464748495051525354555657585960616263646566676869707172737475767778798081828384858687888990919293949596979899100101102103104105106107108109110111112113114115116117118119120121122123124125126127128129130131132133134135136137138139140141142143144145146147148149150151152153154155156157158159160161162163164165RIB GRAPH 0.5 59244.08 ENDGRAPH ENDRIB
FIB GRAPH 0.5 35248.22 ENDGRAPH ENDFIB
totalRIbsize: 80518
totla bestpath nodes: 281219
totla bestpath tcost: 169142289

Testing on Transit seed 9
numpathcap: 10
123456789101112131415161718192021222324252627282930313233343536373839404142434445464748495051525354555657585960616263646566676869707172737475767778798081828384858687888990919293949596979899100101102103104105106107108109110111112113114115116117118119120121122123124125126127128129130131132133134135136137138139140141142143144145146147148149150151152153154155156157158159160161162163164165RIB GRAPH 0.5 65752.86 ENDGRAPH ENDRIB
FIB GRAPH 0.5 37079.69 ENDGRAPH ENDFIB
totalRIbsize: 87187
totla bestpath nodes: 300985
totla bestpath tcost: 185488153

Testing on Transit seed 10
numpathcap: 10
123456789101112131415161718192021222324252627282930313233343536373839404142434445464748495051525354555657585960616263646566676869707172737475767778798081828384858687888990919293949596979899100101102103104105106107108109110111112113114115116117118119120121122123124125126127128129130131132133134135136137138139140141142143144145146147148149150151152153154155156157158159160161162163164165RIB GRAPH 0.5 62882.836 ENDGRAPH ENDRIB
FIB GRAPH 0.5 35742.16 ENDGRAPH ENDFIB
totalRIbsize: 84961
totla bestpath nodes: 272745
totla bestpath tcost: 164309682

Testing for stub/transit percentage: 0.600000

Testing on Transit seed 1
numpathcap: 10
123456taking longer than: 30stopping this run
removing rib and fib entries for : 282
7891011121314151617181920212223242526272829taking longer than: 30stopping this run
removing rib and fib entries for : 343
30313233343536373839404142434445464748495051525354555657585960616263646566676869707172737475767778798081828384858687888990919293949596979899100101102103104105106107108109110111112113114115116117118119120121122123124125126127128129130131132133134135136137138139140141142143144145146147148149150151152153154155156157158159160161162163164165RIB GRAPH 0.6 67037.11 ENDGRAPH ENDRIB
FIB GRAPH 0.6 40607.023 ENDGRAPH ENDFIB
totalRIbsize: 94308
totla bestpath nodes: 350868
totla bestpath tcost: 226495389

Testing on Transit seed 2
numpathcap: 10
12345678910111213141516171819202122232425262728293031323334353637taking longer than: 30stopping this run
removing rib and fib entries for : 358
3839404142434445464748495051525354555657585960616263646566676869707172taking longer than: 30stopping this run
removing rib and fib entries for : 417
737475767778798081828384858687888990919293949596979899100101102103104105106107108109110111112113114115116117118119120121122123124125126127128129130131132133134135136137138139140141142143144145146147148149150151152153154155156157158159160161162163164165RIB GRAPH 0.6 63870.266 ENDGRAPH ENDRIB
FIB GRAPH 0.6 38027.5 ENDGRAPH ENDFIB
totalRIbsize: 98121
totla bestpath nodes: 348973
totla bestpath tcost: 221149127

Testing on Transit seed 3
numpathcap: 10
12345678910111213141516171819202122232425262728293031323334taking longer than: 30stopping this run
removing rib and fib entries for : 348
3536373839404142434445464748495051525354555657585960616263646566676869707172737475767778798081828384858687888990919293949596979899100101102103104105106107108109110111112113114115116117118119120121122123124125126127128129130131132133134135136137138139140141142143144145146147148149150151152153154155156157158159160161taking longer than: 30stopping this run
removing rib and fib entries for : 498
162163164165RIB GRAPH 0.6 56494.76 ENDGRAPH ENDRIB
FIB GRAPH 0.6 36978.957 ENDGRAPH ENDFIB
totalRIbsize: 82129
totla bestpath nodes: 329676
totla bestpath tcost: 203476086

Testing on Transit seed 4
numpathcap: 10
123456789101112131415161718192021222324252627282930313233343536373839404142434445464748495051525354555657585960616263646566676869707172737475767778798081828384858687888990919293949596979899100101102103104105106107108109110111112113114115116117118119120121122123124125126127128129130131132133134135136137138139140141142143144145146147148149150151152153154155156157158159160161162163164165RIB GRAPH 0.6 76863.13 ENDGRAPH ENDRIB
FIB GRAPH 0.6 44749.086 ENDGRAPH ENDFIB
totalRIbsize: 102392
totla bestpath nodes: 371762
totla bestpath tcost: 245821118

Testing on Transit seed 5
numpathcap: 10
123456789101112131415161718192021222324252627282930313233343536373839404142434445464748495051525354555657585960616263646566676869707172737475767778798081828384858687888990919293949596979899100101102103104105106107108109110111112113114115116117118119120121122123124125126127128129130131132133134135136137138139140141142143144145146147148149taking longer than: 30stopping this run
removing rib and fib entries for : 489
150151152153154155156157158159160161162163164165RIB GRAPH 0.6 76545.36 ENDGRAPH ENDRIB
FIB GRAPH 0.6 44755.17 ENDGRAPH ENDFIB
totalRIbsize: 101277
totla bestpath nodes: 360597
totla bestpath tcost: 241144396

Testing on Transit seed 6
numpathcap: 10
1234567taking longer than: 30stopping this run
removing rib and fib entries for : 291
89101112131415161718192021222324252627282930313233343536373839404142434445464748495051525354555657585960616263646566676869707172737475767778798081828384858687888990919293949596979899100101102103104105106107108109110111112113114115116117118119120121122123124125126127128129130131132133134135136137138139140141142143144145146147148149150151152153154155156157158159160161162163164165RIB GRAPH 0.6 60940.72 ENDGRAPH ENDRIB
FIB GRAPH 0.6 38741.8 ENDGRAPH ENDFIB
totalRIbsize: 86786
totla bestpath nodes: 330836
totla bestpath tcost: 209971193

Testing on Transit seed 7
numpathcap: 10
123456789101112131415161718192021222324252627282930313233343536373839404142434445464748495051525354555657585960616263646566676869707172737475taking longer than: 30stopping this run
removing rib and fib entries for : 420
767778798081828384858687888990919293949596979899100101102taking longer than: 30stopping this run
removing rib and fib entries for : 452
103104105106107108109110111112113114115116117118119120121122123124125126127128129130131132133134135136137138139140141142143144145146147148149150151152153154155156157158159160161162163164165RIB GRAPH 0.6 59100.445 ENDGRAPH ENDRIB
FIB GRAPH 0.6 34930.816 ENDGRAPH ENDFIB
totalRIbsize: 95409
totla bestpath nodes: 321105
totla bestpath tcost: 193982506

Testing on Transit seed 8
numpathcap: 10
123456789101112131415161718192021222324252627282930313233343536373839404142434445464748495051525354555657585960616263646566676869707172737475767778798081828384858687888990919293949596979899100101102103104105106107108109110111112113114115116117118119120121122123124125126127128129130131132133134135136137138139140141142143144145146147148149150taking longer than: 30stopping this run
removing rib and fib entries for : 490
151152153154155156157158159160161162163164165RIB GRAPH 0.6 64997.33 ENDGRAPH ENDRIB
FIB GRAPH 0.6 38226.617 ENDGRAPH ENDFIB
totalRIbsize: 99277
totla bestpath nodes: 351575
totla bestpath tcost: 217658953

Testing on Transit seed 9
numpathcap: 10
123456789101112131415161718192021222324252627282930313233343536373839404142434445464748495051525354555657585960616263646566676869707172737475767778798081828384858687888990919293949596979899100101102103104105106107108109110111112113114115116117118119120121122123124125126127128129130131132133134135136137138139140141142143144145146147148149150151152153154155156157158159160161162163164165RIB GRAPH 0.6 69613.836 ENDGRAPH ENDRIB
FIB GRAPH 0.6 40276.125 ENDGRAPH ENDFIB
totalRIbsize: 102983
totla bestpath nodes: 355816
totla bestpath tcost: 227768956

Testing on Transit seed 10
numpathcap: 10
123456789101112131415161718192021222324252627282930313233343536373839404142434445464748495051525354555657585960616263646566676869707172737475767778798081828384858687888990919293949596979899100101102103104105106107108109110111112113114115116117118119120121122123124125126127128129130131132133134135136137138139140141142143144145146147148149150151152153154155156157158159160161162163164165RIB GRAPH 0.6 71063.96 ENDGRAPH ENDRIB
FIB GRAPH 0.6 41959.08 ENDGRAPH ENDFIB
totalRIbsize: 102035
totla bestpath nodes: 348165
totla bestpath tcost: 221211451

Testing for stub/transit percentage: 0.700000

Testing on Transit seed 1
numpathcap: 10
1234567891011121314151617181920212223242526272829303132333435taking longer than: 30stopping this run
removing rib and fib entries for : 350
36373839404142434445464748495051525354555657585960616263646566676869707172737475767778798081828384858687888990919293949596979899100101102103104105106107108109110111112113114115116117118119120121122123124125126127128129130131132133134135136137138139140141142143144145146147148149150151152153154155156157158159160161162163164165RIB GRAPH 0.7 61061.777 ENDGRAPH ENDRIB
FIB GRAPH 0.7 39431.484 ENDGRAPH ENDFIB
totalRIbsize: 96094
totla bestpath nodes: 384089
totla bestpath tcost: 250411454

Testing on Transit seed 2
numpathcap: 10
123456789101112131415161718192021222324252627282930313233343536373839404142434445464748495051525354555657585960616263646566676869707172737475767778798081828384858687888990919293949596979899100101102103104105106107108109110111112113114115116117118119120121122123124125126127128129130131132133134135136137138139140141142143144145146147148149150151152153154155156157158159160161162163164165RIB GRAPH 0.7 74615.21 ENDGRAPH ENDRIB
FIB GRAPH 0.7 44298.707 ENDGRAPH ENDFIB
totalRIbsize: 119270
totla bestpath nodes: 418826
totla bestpath tcost: 275588925

Testing on Transit seed 3
numpathcap: 10
12345taking longer than: 30stopping this run
removing rib and fib entries for : 281
678910111213141516171819202122232425262728293031323334353637383940414243444546474849505152535455565758596061626364656667686970taking longer than: 30stopping this run
removing rib and fib entries for : 415
7172737475767778798081828384858687888990919293949596979899100101102103104105106107108109110111112113114115116117118119120121122123124125126127128129130131132133134135136137138139140141142143144145146147148149150151152153154155156157158159160161162163164165RIB GRAPH 0.7 66341.41 ENDGRAPH ENDRIB
FIB GRAPH 0.7 41828.94 ENDGRAPH ENDFIB
totalRIbsize: 102277
totla bestpath nodes: 391536
totla bestpath tcost: 255371718

Testing on Transit seed 4
numpathcap: 10
123456789101112131415161718192021222324252627282930313233343536373839404142434445464748495051525354555657585960616263646566676869707172737475767778798081828384858687888990919293949596979899100101102103104105106107108109110111112113114115116117118119120121122123124125126127128129130131132133134135136137138139140141142143144145146147148149150151152153154155156157158159160161162163164165RIB GRAPH 0.7 79276.04 ENDGRAPH ENDRIB
FIB GRAPH 0.7 46849.297 ENDGRAPH ENDFIB
totalRIbsize: 118167
totla bestpath nodes: 437094
totla bestpath tcost: 294145417

Testing on Transit seed 5
numpathcap: 10
123456789101112131415161718192021222324252627282930313233343536373839404142434445464748495051525354555657585960616263646566676869707172737475767778798081828384858687888990919293949596979899100101102103104105106107108109110111112113114115116117118119120121122123124125126127128129130131132133134135136137138139140141142143144145146147148149150151152153154155156157158159160161162163164165RIB GRAPH 0.7 82658.72 ENDGRAPH ENDRIB
FIB GRAPH 0.7 49370.477 ENDGRAPH ENDFIB
totalRIbsize: 118156
totla bestpath nodes: 431065
totla bestpath tcost: 296603820

Testing on Transit seed 6
numpathcap: 10
1234567891011121314151617181920212223242526272829303132333435363738394041424344454647484950515253taking longer than: 30stopping this run
removing rib and fib entries for : 391
54555657585960616263646566676869707172737475767778798081828384858687888990919293949596979899100101102103104105106107108109110111112113114115116117118119120121122123124125126127128129130131132133134135136137138139140141142143144145146147148149150151152153154155156157158159160161162163164165RIB GRAPH 0.7 75912.66 ENDGRAPH ENDRIB
FIB GRAPH 0.7 45569.188 ENDGRAPH ENDFIB
totalRIbsize: 115755
totla bestpath nodes: 429882
totla bestpath tcost: 289784378

Testing on Transit seed 7
numpathcap: 10
123456789101112131415161718192021222324252627282930313233343536373839404142434445464748495051525354555657585960616263646566676869707172737475taking longer than: 30stopping this run
removing rib and fib entries for : 420
767778798081828384858687888990919293949596979899100101102103104105106107108109110111112113114115116117118119120121122123124125126127128129130131132133134135136137138139140141142143144145146147148149150151152153154155156157158159taking longer than: 30stopping this run
removing rib and fib entries for : 496
160161162163164165RIB GRAPH 0.7 63928.426 ENDGRAPH ENDRIB
FIB GRAPH 0.7 38139.34 ENDGRAPH ENDFIB
totalRIbsize: 111035
totla bestpath nodes: 379904
totla bestpath tcost: 236705278

Testing on Transit seed 8
numpathcap: 10
12345678910111213141516171819202122232425262728293031323334taking longer than: 30stopping this run
removing rib and fib entries for : 348
3536373839404142434445464748495051525354555657585960616263646566676869707172737475767778798081828384858687888990919293949596979899100101102103104105106107108109110111112113114115116117118119120121122123124125126127128129130131132133134135136137138139140141142143144145146147148149150151152153154155156157158159160161162163164165RIB GRAPH 0.7 68846.086 ENDGRAPH ENDRIB
FIB GRAPH 0.7 40580.91 ENDGRAPH ENDFIB
totalRIbsize: 116265
totla bestpath nodes: 416831
totla bestpath tcost: 266047863

Testing on Transit seed 9
numpathcap: 10
123456789101112131415161718192021222324252627282930313233343536373839404142434445464748495051525354555657585960616263646566676869707172737475767778798081828384858687888990919293949596979899100101102103104105106107108109110111112113114115116117118119120121122123124125126127128129130131132133134135136137138139140141142143144145146147148149150151152153154155156157158159160161162163164165RIB GRAPH 0.7 77919.586 ENDGRAPH ENDRIB
FIB GRAPH 0.7 46134.78 ENDGRAPH ENDFIB
totalRIbsize: 118776
totla bestpath nodes: 429753
totla bestpath tcost: 288280217

Testing on Transit seed 10
numpathcap: 10
123456789101112131415161718192021222324252627282930313233343536373839404142434445464748495051525354555657585960616263646566676869707172737475767778798081828384858687888990919293949596979899100101102103104105106107108109110111112113114115116117118119120121122123124125126127128129130131132133134135136137138139140141142143144145146147148149150151152153154155156157158159160161162163164165RIB GRAPH 0.7 76590.086 ENDGRAPH ENDRIB
FIB GRAPH 0.7 45987.38 ENDGRAPH ENDFIB
totalRIbsize: 117841
totla bestpath nodes: 417933
totla bestpath tcost: 275943456

Testing for stub/transit percentage: 0.800000

Testing on Transit seed 1
numpathcap: 10
12345678910111213141516171819202122232425262728293031323334353637383940414243444546474849505152535455565758596061626364656667686970taking longer than: 30stopping this run
removing rib and fib entries for : 415
7172737475767778798081828384858687888990919293949596979899100101102103104105106107108109110111112113114115116117118119120121122123124125126127128129130131132133134135136137138139140141142143144145146147148149150151152153154155156157158159160161162163164165RIB GRAPH 0.8 79742.79 ENDGRAPH ENDRIB
FIB GRAPH 0.8 50066.375 ENDGRAPH ENDFIB
totalRIbsize: 127335
totla bestpath nodes: 505953
totla bestpath tcost: 349844162

Testing on Transit seed 2
numpathcap: 10
123456789101112131415161718192021222324252627282930313233343536373839404142434445464748495051525354555657585960616263646566676869707172737475767778798081828384858687888990919293949596979899100101102103104105106107108109110111112113114115116117118119120121122123124125126127128129130131132133134135136137138139140141142143144145146147148149150151152153154155156157158159160161162163164165RIB GRAPH 0.8 79220.66 ENDGRAPH ENDRIB
FIB GRAPH 0.8 47359.34 ENDGRAPH ENDFIB
totalRIbsize: 135759
totla bestpath nodes: 497158
totla bestpath tcost: 332204769

Testing on Transit seed 3
numpathcap: 10
123456taking longer than: 30stopping this run
removing rib and fib entries for : 282
789101112131415161718192021222324252627282930313233343536373839404142434445464748495051525354555657585960616263646566676869707172737475767778798081828384858687888990919293949596979899100101102103104105106107108109110111112113114115116117118119120121122123124125126127128129130131132133134135136137138139140141142143144145146147148149150151152153154155156157158159160161162163164165RIB GRAPH 0.8 87241.97 ENDGRAPH ENDRIB
FIB GRAPH 0.8 53793.78 ENDGRAPH ENDFIB
totalRIbsize: 130626
totla bestpath nodes: 496262
totla bestpath tcost: 343578808

Testing on Transit seed 4
numpathcap: 10
123456789101112131415161718192021222324252627282930313233343536373839404142434445464748495051525354555657585960616263646566676869707172737475767778798081828384858687888990919293949596979899100101102103104105106107108109110111112113114115116117118119120121122123124125126127128129130131132133134135136137138139140141142143144145146147148149150151152153154155156157158159160161162163164165RIB GRAPH 0.8 93866.98 ENDGRAPH ENDRIB
FIB GRAPH 0.8 56668.137 ENDGRAPH ENDFIB
totalRIbsize: 135024
totla bestpath nodes: 519551
totla bestpath tcost: 370994074

Testing on Transit seed 5
numpathcap: 10
123456789101112131415161718192021222324252627282930313233343536373839404142434445464748495051525354555657585960616263646566676869707172737475767778798081828384858687888990919293949596979899100101102103104105106107108109110111112113114115116117118119120121122123124125126127128129130131132133134135136137138139140141142143144145146147148149150151152153154155156157158159160161162163164165RIB GRAPH 0.8 90751.44 ENDGRAPH ENDRIB
FIB GRAPH 0.8 55558.9 ENDGRAPH ENDFIB
totalRIbsize: 134575
totla bestpath nodes: 502725
totla bestpath tcost: 353557943

Testing on Transit seed 6
numpathcap: 10
12345678910111213141516taking longer than: 30stopping this run
removing rib and fib entries for : 323
17181920212223242526272829303132333435363738394041424344454647484950515253545556575859606162636465666768697071727374taking longer than: 30stopping this run
removing rib and fib entries for : 164
75767778798081828384858687888990919293949596979899100101102103104105106107108109110111112113114115116117118119120121122123124125126127128129130131132133134135136137138taking longer than: 30stopping this run
removing rib and fib entries for : 227
139140141142143144145146147148149150151152153154155156157158159160161162163164165RIB GRAPH 0.8 72253.33 ENDGRAPH ENDRIB
FIB GRAPH 0.8 48067.11 ENDGRAPH ENDFIB
totalRIbsize: 106381
totla bestpath nodes: 462156
totla bestpath tcost: 322202880

Testing on Transit seed 7
numpathcap: 10
123456789101112131415161718192021222324252627282930313233343536373839404142434445464748495051525354555657585960616263646566676869707172737475taking longer than: 30stopping this run
removing rib and fib entries for : 420
767778798081828384858687888990919293949596979899100101102103104105106107108109110111112113114115116117118119120121122123124125126taking longer than: 30stopping this run
removing rib and fib entries for : 473
127128129130131132133134135136137138139140141142143144145146147148149150151152153154155156157158159160161162163164165RIB GRAPH 0.8 75685.22 ENDGRAPH ENDRIB
FIB GRAPH 0.8 45712.234 ENDGRAPH ENDFIB
totalRIbsize: 130608
totla bestpath nodes: 468079
totla bestpath tcost: 306516161

Testing on Transit seed 8
numpathcap: 10
123456789101112131415161718192021222324252627282930313233343536373839404142434445464748495051525354555657585960616263646566676869707172737475767778798081828384858687888990919293949596979899100101102103104105106107108109110111112113114115116117118119120121122123124125126127128129130131132133134135136137138139140141142143144145146147148149150151152153154155156157158159160161162163164165RIB GRAPH 0.8 83217.0 ENDGRAPH ENDRIB
FIB GRAPH 0.8 50425.03 ENDGRAPH ENDFIB
totalRIbsize: 134609
totla bestpath nodes: 492390
totla bestpath tcost: 338719704

Testing on Transit seed 9
numpathcap: 10
123456789101112131415161718192021222324252627282930313233343536373839404142434445464748495051525354555657585960616263646566676869707172737475767778798081828384858687888990919293949596979899100101102103104105106107108109110111112113114115116117118119120121122123124125126127128129130131132133134135136137138139140141142143144145146147148149150151152153154155156157158159160161162163164165RIB GRAPH 0.8 87942.21 ENDGRAPH ENDRIB
FIB GRAPH 0.8 53577.17 ENDGRAPH ENDFIB
totalRIbsize: 135178
totla bestpath nodes: 507207
totla bestpath tcost: 352087569

Testing on Transit seed 10
numpathcap: 10
123456789101112131415161718192021222324252627282930313233343536373839404142434445464748495051525354555657585960616263646566676869707172737475767778798081828384858687888990919293949596979899100101102103104105106107108109110111112113114115116117118119120121122123124125126127128129130131132133134135136137138139140141142143144145146147148149150151152153154155156157158159160161162163164165RIB GRAPH 0.8 80896.01 ENDGRAPH ENDRIB
FIB GRAPH 0.8 49452.38 ENDGRAPH ENDFIB
totalRIbsize: 134445
totla bestpath nodes: 488085
totla bestpath tcost: 327478965

Testing for stub/transit percentage: 0.900000

Testing on Transit seed 1
numpathcap: 10
123456789101112131415161718192021222324252627282930313233343536373839404142434445464748495051525354555657585960616263646566676869707172737475767778798081828384858687888990919293949596979899100101102103104105106107108109110111112113114115116117118119120121122123124125126127128129130131132133134135136137138139140141142143144145146147148149150151152153154155156157158159160161162163164165RIB GRAPH 0.9 99015.72 ENDGRAPH ENDRIB
FIB GRAPH 0.9 61147.26 ENDGRAPH ENDFIB
totalRIbsize: 150522
totla bestpath nodes: 597138
totla bestpath tcost: 430766181

Testing on Transit seed 2
numpathcap: 10
123456789101112131415161718192021222324252627282930313233343536373839404142434445464748495051525354555657585960616263646566676869707172737475767778798081taking longer than: 30stopping this run
removing rib and fib entries for : 428
828384858687888990919293949596979899100101102103104105106107108109110111112113114115116117118119120121122123124125126127128129130131132133134135136137138139140141142143144145146147148149150151152153154155156157158159160161162163164165RIB GRAPH 0.9 96320.06 ENDGRAPH ENDRIB
FIB GRAPH 0.9 58772.785 ENDGRAPH ENDFIB
totalRIbsize: 149240
totla bestpath nodes: 577040
totla bestpath tcost: 409185329

Testing on Transit seed 3
numpathcap: 10
1234taking longer than: 30stopping this run
removing rib and fib entries for : 278
56789101112131415161718192021222324252627282930313233343536373839404142434445464748495051525354555657585960616263646566676869707172737475767778798081828384858687888990919293949596979899100101102103104105106107108109110111112113114115116117118119120121122123124125126127128129130131132133134135136137138139140141142143144145146147148149150151152153154155156157158159160161162163164165RIB GRAPH 0.9 100842.86 ENDGRAPH ENDRIB
FIB GRAPH 0.9 63504.83 ENDGRAPH ENDFIB
totalRIbsize: 146222
totla bestpath nodes: 585866
totla bestpath tcost: 426876908

Testing on Transit seed 4
numpathcap: 10
123456789101112131415161718192021222324252627282930313233343536373839404142434445464748495051525354555657585960616263646566676869707172737475767778798081828384858687888990919293949596979899100101102103104105106107108109110111112113114115116117118119120121122123124125126127128129130131132133134135136137138139140141142143144145146147148149150151152153154155156157158159160161162163164165RIB GRAPH 0.9 103237.93 ENDGRAPH ENDRIB
FIB GRAPH 0.9 63682.152 ENDGRAPH ENDFIB
totalRIbsize: 150686
totla bestpath nodes: 597276
totla bestpath tcost: 436837126

Testing on Transit seed 5
numpathcap: 10
123456789101112131415161718192021222324252627282930313233343536373839404142434445464748495051525354555657585960616263646566676869707172737475767778798081828384858687888990919293949596979899100101102103104105106107108109110111112113114115116117118119120121122123124125126127128129130131132133134135136137138139140141142143144145146147148149150151152153154155156157158159160161162163164165RIB GRAPH 0.9 101319.04 ENDGRAPH ENDRIB
FIB GRAPH 0.9 63088.64 ENDGRAPH ENDFIB
totalRIbsize: 150538
totla bestpath nodes: 600530
totla bestpath tcost: 439606879

Testing on Transit seed 6
numpathcap: 10
123456789101112131415161718192021222324252627282930313233343536373839404142434445464748495051525354555657585960616263646566676869707172737475767778798081828384858687888990919293949596979899100101102103104105106107108109110111112113114115116117118119120121122123124125126127128129130131132133134135136137138139140141142143144145146147148149150151152153154155156157158159160161162163164165RIB GRAPH 0.9 99399.34 ENDGRAPH ENDRIB
FIB GRAPH 0.9 61001.777 ENDGRAPH ENDFIB
totalRIbsize: 151192
totla bestpath nodes: 597918
totla bestpath tcost: 429354939

Testing on Transit seed 7
numpathcap: 10
123456789101112131415161718192021222324252627282930313233343536373839404142434445464748495051525354555657585960616263646566676869707172737475767778798081828384858687888990919293949596979899100101102103104105106107108109110111112113114115116117118119120121122123124125126127128129130131132133134135136137138taking longer than: 30stopping this run
removing rib and fib entries for : 227
139140141142143144145146147148149150151152153154155156157158159160161162163164165RIB GRAPH 0.9 94636.77 ENDGRAPH ENDRIB
FIB GRAPH 0.9 57825.47 ENDGRAPH ENDFIB
totalRIbsize: 149022
totla bestpath nodes: 553240
totla bestpath tcost: 382777097

Testing on Transit seed 8
numpathcap: 10
123456789101112131415161718192021222324252627282930313233343536373839404142434445464748495051525354555657585960616263646566676869707172737475767778798081828384858687888990919293949596979899100101102103104105106107108109110111112113114115116117118119120121122123124125126127128129130131132133134135136137138139140141142143144145146147148149150151152153154155156157158159160161162163164165RIB GRAPH 0.9 94081.39 ENDGRAPH ENDRIB
FIB GRAPH 0.9 57642.48 ENDGRAPH ENDFIB
totalRIbsize: 150335
totla bestpath nodes: 582353
totla bestpath tcost: 415070245

Testing on Transit seed 9
numpathcap: 10
123456789101112131415161718192021222324252627282930313233343536373839404142434445464748495051525354555657585960616263646566676869707172737475767778798081828384858687888990919293949596979899100101102103104105106107108109110111112113114115116117118119120121122123124125126127128129130131132133134135136137138139140141142143144145146147148149150151152153154155156157158159160161162163164165RIB GRAPH 0.9 108711.07 ENDGRAPH ENDRIB
FIB GRAPH 0.9 67595.16 ENDGRAPH ENDFIB
totalRIbsize: 150427
totla bestpath nodes: 622787
totla bestpath tcost: 459390101

Testing on Transit seed 10
numpathcap: 10
123456789101112131415161718192021222324252627282930313233343536373839404142434445464748495051525354555657585960616263646566676869707172737475767778798081828384858687888990919293949596979899100101102103104105106107108109110111112113114115116117118119120121122123124125126127128129130131132133134135136137138139140141142143144145146147148149150151152153154155156157158159160161162163164165RIB GRAPH 0.9 101433.04 ENDGRAPH ENDRIB
FIB GRAPH 0.9 62888.367 ENDGRAPH ENDFIB
totalRIbsize: 150560
totla bestpath nodes: 606376
totla bestpath tcost: 439561829
numpathcap: 10
123456789101112131415161718192021222324252627282930313233343536373839404142434445464748495051525354555657585960616263646566676869707172737475767778798081828384858687888990919293949596979899100101102103104105106107108109110111112113114115116117118119120121122123124125126127128129130131132133134135136137138139140141142143144145146147148149150151152153154155156157158159160161162163164165RIB GRAPH 1.0 116782.375 ENDGRAPH ENDRIB
FIB GRAPH 1.0 73128.57 ENDGRAPH ENDFIB
totalRIbsize: 167061
totla bestpath nodes: 697156
totla bestpath tcost: 520473841
