501 5 2 0 0 monitored at gulf ASes, non-contiguous deploymentastypes.txt
LEGEND monitored at gulf ASes, non-contiguous deployment ENDLEGEND\n
numpathcap: 10
123456789101112131415161718192021222324252627282930313233343536373839404142434445464748495051525354555657585960616263646566676869707172737475767778798081828384858687888990919293949596979899100101102103104105106107108109110111112113114115116117118119120121122123124125126127128129130131132133134135136137138139140141142143144145146147148149150151152153154155156157158159160161162163164165RIB GRAPH 0.0 985114.8 ENDGRAPH ENDRIB
FIB GRAPH 0.0 408127.62 ENDGRAPH ENDFIB
totalRIbsize: 175092
totla bestpath nodes: 446669
totla bestpath tcost: 204063814

Testing for stub/transit percentage: 0.100000

Testing on Transit seed 1
numpathcap: 10
123456789101112131415161718192021222324252627282930313233343536373839404142434445464748495051525354555657585960616263646566676869707172737475767778798081828384858687888990919293949596979899100101102103104105106107108109110111112113114115116117118119120121122123124125126127128129130131132133134135136137138139140141142143144145146147148149150151152153154155156157158159160161162163164165RIB GRAPH 0.1 981571.75 ENDGRAPH ENDRIB
FIB GRAPH 0.1 405110.53 ENDGRAPH ENDFIB
totalRIbsize: 157626
totla bestpath nodes: 407243
totla bestpath tcost: 182704841

Testing on Transit seed 2
numpathcap: 10
123456789101112131415161718192021222324252627282930313233343536373839404142434445464748495051525354555657585960616263646566676869707172737475767778798081828384858687888990919293949596979899100101102103104105106107108109110111112113114115116117118119120121122123124125126127128129130131132133134135136137138139140141142143144145146147148149150151152153154155156157158159160161162163164165RIB GRAPH 0.1 1032937.75 ENDGRAPH ENDRIB
FIB GRAPH 0.1 426785.62 ENDGRAPH ENDFIB
totalRIbsize: 156868
totla bestpath nodes: 413116
totla bestpath tcost: 192480316

Testing on Transit seed 3
numpathcap: 10
123456789101112131415161718192021222324252627282930313233343536373839404142434445464748495051525354555657585960616263646566676869707172737475767778798081828384858687888990919293949596979899100101102103104105106107108109110111112113114115116117118119120121122123124125126127128129130131132133134135136137138139140141142143144145146147148149150151152153154155156157158159160161162163164165RIB GRAPH 0.1 1000985.3 ENDGRAPH ENDRIB
FIB GRAPH 0.1 413896.47 ENDGRAPH ENDFIB
totalRIbsize: 158303
totla bestpath nodes: 406359
totla bestpath tcost: 186667317

Testing on Transit seed 4
numpathcap: 10
123456789101112131415161718192021222324252627282930313233343536373839404142434445464748495051525354555657585960616263646566676869707172737475767778798081828384858687888990919293949596979899100101102103104105106107108109110111112113114115116117118119120121122123124125126127128129130131132133134135136137138139140141142143144145146147148149150151152153154155156157158159160161162163164165RIB GRAPH 0.1 1001109.56 ENDGRAPH ENDRIB
FIB GRAPH 0.1 415364.1 ENDGRAPH ENDFIB
totalRIbsize: 157940
totla bestpath nodes: 407015
totla bestpath tcost: 187329204

Testing on Transit seed 5
numpathcap: 10
123456789101112131415161718192021222324252627282930313233343536373839404142434445464748495051525354555657585960616263646566676869707172737475767778798081828384858687888990taking longer than: 30stopping this run
removing rib and fib entries for : 438
919293949596979899100101102103104105106107108109110111112113114115116117118119120121122123124125126127128129130131132133134135136137138139140141142143144145146147148149150151152153154155156157158159160161162163164165RIB GRAPH 0.1 945438.75 ENDGRAPH ENDRIB
FIB GRAPH 0.1 400397.22 ENDGRAPH ENDFIB
totalRIbsize: 150340
totla bestpath nodes: 424435
totla bestpath tcost: 180579158

Testing on Transit seed 6
numpathcap: 10
123456789101112131415161718192021222324252627282930313233343536373839404142434445464748495051525354555657585960616263646566676869707172737475767778798081828384858687888990919293949596979899100101102103104105106107108109110111112113114115116117118119120121122123124125126127128129130131132133134135136137138139140141142143144145146147148149150151152153154155156157158159160161162163164165RIB GRAPH 0.1 1018114.06 ENDGRAPH ENDRIB
FIB GRAPH 0.1 410641.1 ENDGRAPH ENDFIB
totalRIbsize: 156333
totla bestpath nodes: 413919
totla bestpath tcost: 185199136

Testing on Transit seed 7
numpathcap: 10
123456789101112131415161718192021222324252627282930313233343536373839404142434445464748495051525354555657585960616263646566676869707172737475767778798081828384858687888990919293949596979899100101102103104105106107108109110111112113114115116117118119120121122123124125126127128129130131132133134135136137138139140141142143144145146147148149150151152153154155156157158159160161162163164165RIB GRAPH 0.1 980745.25 ENDGRAPH ENDRIB
FIB GRAPH 0.1 405906.66 ENDGRAPH ENDFIB
totalRIbsize: 157586
totla bestpath nodes: 405306
totla bestpath tcost: 183063897

Testing on Transit seed 8
numpathcap: 10
123456789101112131415161718192021222324252627282930313233343536373839404142434445464748495051525354555657585960616263646566676869707172737475767778798081828384858687888990919293949596979899100101102103104105106107108109110111112113114115116117118119120121122123124125126127128129130131132133134135136137138139140141142143144145146147148149150151152153154155156157158159160161162163164165RIB GRAPH 0.1 984895.44 ENDGRAPH ENDRIB
FIB GRAPH 0.1 405703.06 ENDGRAPH ENDFIB
totalRIbsize: 158271
totla bestpath nodes: 405039
totla bestpath tcost: 182972081

Testing on Transit seed 9
numpathcap: 10
123456789101112131415161718192021222324252627282930313233343536373839404142434445464748495051525354555657585960616263646566676869707172737475767778798081828384858687888990919293949596979899100101102103104105106107108109110111112113114115116117118119120121122123124125126127128129130131132133134135136137138139140141142143144145146147148149150151152153154155156157158159160161162163164165RIB GRAPH 0.1 990248.3 ENDGRAPH ENDRIB
FIB GRAPH 0.1 408063.84 ENDGRAPH ENDFIB
totalRIbsize: 158476
totla bestpath nodes: 404164
totla bestpath tcost: 184036800

Testing on Transit seed 10
numpathcap: 10
123456789101112131415161718192021222324252627282930313233343536373839404142434445464748495051525354555657585960616263646566676869707172737475767778798081828384858687888990919293949596979899100101102103104105106107108109110111112113114115116117118119120121122123124125126127128129130131132133134135136137138139140141142143144145146147148149150151152153154155156157158159160161162163164165RIB GRAPH 0.1 996225.0 ENDGRAPH ENDRIB
FIB GRAPH 0.1 411172.94 ENDGRAPH ENDFIB
totalRIbsize: 158302
totla bestpath nodes: 404570
totla bestpath tcost: 185438999

Testing for stub/transit percentage: 0.200000

Testing on Transit seed 1
numpathcap: 10
123456789101112131415161718192021222324252627282930313233343536373839404142434445464748495051525354555657585960616263646566676869707172737475767778798081828384858687888990919293949596979899100101102103104105106107108109110111112113114115116117118119120121122123124125126127128129130131132133134135136137138139140141142143144145146147148149150151152153154155156157158159160161162163164165RIB GRAPH 0.2 996973.06 ENDGRAPH ENDRIB
FIB GRAPH 0.2 413798.44 ENDGRAPH ENDFIB
totalRIbsize: 137959
totla bestpath nodes: 373246
totla bestpath tcost: 165519371

Testing on Transit seed 2
numpathcap: 10
123456789101112131415161718192021222324252627282930313233343536373839404142434445464748495051525354555657585960616263646566676869707172737475767778798081828384858687888990919293949596979899100101102103104105106107108109110111112113114115116117118119120121122123124125126127128129130131132133134135136137138139140141142143144145146147148149150151152153154155156157158159160161162163164165RIB GRAPH 0.2 1027098.3 ENDGRAPH ENDRIB
FIB GRAPH 0.2 430109.2 ENDGRAPH ENDFIB
totalRIbsize: 137868
totla bestpath nodes: 374704
totla bestpath tcost: 172043676

Testing on Transit seed 3
numpathcap: 10
123456789101112131415161718192021222324252627282930313233343536373839404142434445464748495051525354555657585960616263646566676869707172737475767778798081828384858687888990919293949596979899100101102103104105106107108109110111112113114115116117118119120121122123124125126127128129130131132133134135136137138139140141142143144145146147148149150151152153154155156157158159160161162163164165RIB GRAPH 0.2 1003861.75 ENDGRAPH ENDRIB
FIB GRAPH 0.2 413808.25 ENDGRAPH ENDFIB
totalRIbsize: 139518
totla bestpath nodes: 368578
totla bestpath tcost: 165523302

Testing on Transit seed 4
numpathcap: 10
123456789101112131415161718192021222324252627282930313233343536373839404142434445464748495051525354555657585960616263646566676869707172737475767778798081828384858687888990919293949596979899100101102103104105106107108109110111112113114115116117118119120121122123124125126127128129130131132133134135136137138139140141142143144145146147148149150151152153154155156157158159160161162163164165RIB GRAPH 0.2 991384.94 ENDGRAPH ENDRIB
FIB GRAPH 0.2 414792.2 ENDGRAPH ENDFIB
totalRIbsize: 138866
totla bestpath nodes: 372876
totla bestpath tcost: 165916877

Testing on Transit seed 5
numpathcap: 10
123456789101112131415161718192021222324252627282930313233343536373839404142434445464748495051525354555657585960616263646566676869707172737475767778798081828384858687888990919293949596979899100101102103104105106107108109110111112113114115116117118119120121122123124125126127128129130131132133134135136137138139140141142143144145146147148149150151152153154155156157158159160161162163164165RIB GRAPH 0.2 969861.06 ENDGRAPH ENDRIB
FIB GRAPH 0.2 405945.97 ENDGRAPH ENDFIB
totalRIbsize: 137424
totla bestpath nodes: 382396
totla bestpath tcost: 162378386

Testing on Transit seed 6
numpathcap: 10
1234taking longer than: 30stopping this run
removing rib and fib entries for : 278
56789101112131415161718192021222324252627282930313233343536373839404142434445464748495051525354555657585960616263646566676869707172737475767778798081828384858687888990919293949596979899100101102103104105106107108109110111112113114115116117118119120121122123124125126127128129130131132133134135136137138139140141142143144145146147148149150151152153154155156157158159160161162163164165RIB GRAPH 0.2 956539.8 ENDGRAPH ENDRIB
FIB GRAPH 0.2 413112.03 ENDGRAPH ENDFIB
totalRIbsize: 134422
totla bestpath nodes: 377413
totla bestpath tcost: 165244811

Testing on Transit seed 7
numpathcap: 10
123456789101112131415161718192021222324252627282930313233343536373839404142434445464748495051525354555657585960616263646566676869707172737475767778798081828384858687888990919293949596979899100101102103104105106107108109110111112113114115116117118119120121122123124125126127128129130131132133134135136137138139140141142143144145146147148149150151152153154155156157158159160161162163164165RIB GRAPH 0.2 991237.4 ENDGRAPH ENDRIB
FIB GRAPH 0.2 412008.53 ENDGRAPH ENDFIB
totalRIbsize: 139562
totla bestpath nodes: 363900
totla bestpath tcost: 164803407

Testing on Transit seed 8
numpathcap: 10
123456789101112131415161718192021222324252627282930313233343536373839404142434445464748495051525354555657585960616263646566676869707172737475767778798081828384858687888990919293949596979899100101102103104105106107108109110111112113114115116117118119120121122123124125126127128129130131132133134135136137138139140141142143144145146147148149150151152153154155156157158159160161162163164165RIB GRAPH 0.2 955036.8 ENDGRAPH ENDRIB
FIB GRAPH 0.2 391430.2 ENDGRAPH ENDFIB
totalRIbsize: 139443
totla bestpath nodes: 364560
totla bestpath tcost: 156572083

Testing on Transit seed 9
numpathcap: 10
123456789101112131415161718192021222324252627282930313233343536373839404142434445464748495051525354555657585960616263646566676869707172737475767778798081828384858687888990919293949596979899100101102103104105106107108109110111112113114115116117118119120121122123124125126127128129130131132133134135136137138139140141142143144145146147148149150151152153154155156157158159160161162163164165RIB GRAPH 0.2 994793.5 ENDGRAPH ENDRIB
FIB GRAPH 0.2 412053.8 ENDGRAPH ENDFIB
totalRIbsize: 139592
totla bestpath nodes: 368269
totla bestpath tcost: 164821524

Testing on Transit seed 10
numpathcap: 10
123456789101112131415161718192021222324252627282930313233343536373839404142434445464748495051525354555657585960616263646566676869707172737475767778798081828384858687888990919293949596979899100101102103104105106107108109110111112113114115116117118119120121122123124125126127128129130131132133134135136137138139140141142143144145146147148149150151152153154155156taking longer than: 30stopping this run
removing rib and fib entries for : 494
157158159160161162163164165RIB GRAPH 0.2 1000956.2 ENDGRAPH ENDRIB
FIB GRAPH 0.2 416364.9 ENDGRAPH ENDFIB
totalRIbsize: 138526
totla bestpath nodes: 361280
totla bestpath tcost: 166545967

Testing for stub/transit percentage: 0.300000

Testing on Transit seed 1
numpathcap: 10
123456789101112131415161718192021222324252627282930313233343536373839404142434445464748495051525354555657585960616263646566676869707172737475767778798081828384858687888990919293949596979899100101102103104105106107108109110111112113114115116117118119120121122123124125126127128129130131132133134135136137138139140141142143144145146147148149150151152153154155156157158159160161162163164165RIB GRAPH 0.3 952101.3 ENDGRAPH ENDRIB
FIB GRAPH 0.3 403100.9 ENDGRAPH ENDFIB
totalRIbsize: 119307
totla bestpath nodes: 341272
totla bestpath tcost: 141488416

Testing on Transit seed 2
numpathcap: 10
123456789101112131415161718192021222324252627282930313233343536373839404142434445464748495051525354555657585960616263646566676869707172737475767778798081828384858687888990919293949596979899100101102103104105106107108109110111112113114115116117118119120121122123124125126127128129130131132133134135136137138139140141142143144145146147148149150151152153154155156157158159160161162163164165RIB GRAPH 0.3 968535.25 ENDGRAPH ENDRIB
FIB GRAPH 0.3 410429.94 ENDGRAPH ENDFIB
totalRIbsize: 120344
totla bestpath nodes: 339115
totla bestpath tcost: 144060917

Testing on Transit seed 3
numpathcap: 10
123456789101112131415161718192021222324252627282930313233343536373839404142434445464748495051525354555657585960616263646566676869707172737475767778798081828384858687888990919293949596979899100101102103104105106107108109110111112113114115116117118119120121122123124125126127128129130131132133134135136137138139140141142143144145146147148149150151152153154155156157158159160161162163164165RIB GRAPH 0.3 995928.9 ENDGRAPH ENDRIB
FIB GRAPH 0.3 414538.34 ENDGRAPH ENDFIB
totalRIbsize: 122009
totla bestpath nodes: 325014
totla bestpath tcost: 145502964

Testing on Transit seed 4
numpathcap: 10
123456789101112131415161718192021222324252627282930313233343536373839404142434445464748495051525354555657585960616263646566676869707172737475767778798081828384858687888990919293949596979899100101102103104105106107108109110111112113114115116117118119120121122123124125126127128129130131132133134135136137138139140141142143144145146147148149150151152153154155156157158159160161162163164165RIB GRAPH 0.3 1002524.2 ENDGRAPH ENDRIB
FIB GRAPH 0.3 420504.84 ENDGRAPH ENDFIB
totalRIbsize: 120472
totla bestpath nodes: 342520
totla bestpath tcost: 147597194

Testing on Transit seed 5
numpathcap: 10
123456789101112131415161718192021222324252627282930313233343536373839404142434445464748495051525354555657585960616263646566676869707172737475767778798081828384858687888990919293949596979899100101102103104105106107108109110111112113114115116117118119120121122123124125126127128129130131132133134135136137138139140141142143144145146147148149150151152153154155156157158159160161162163164165RIB GRAPH 0.3 909199.1 ENDGRAPH ENDRIB
FIB GRAPH 0.3 393840.56 ENDGRAPH ENDFIB
totalRIbsize: 118869
totla bestpath nodes: 347516
totla bestpath tcost: 138238028

Testing on Transit seed 6
numpathcap: 10
123456789101112131415161718192021222324252627282930313233343536373839404142434445464748495051525354555657585960616263646566676869707172737475767778798081828384858687888990919293949596979899100101102103104105106107108109110111112113114115116117118119120121122123124125126127128129130131132133134135136137138139140141142143144145146147148149150151152153154155156157158159160161162163164165RIB GRAPH 0.3 920533.44 ENDGRAPH ENDRIB
FIB GRAPH 0.3 395175.78 ENDGRAPH ENDFIB
totalRIbsize: 119997
totla bestpath nodes: 340092
totla bestpath tcost: 138706707

Testing on Transit seed 7
numpathcap: 10
123456789101112131415161718192021222324252627282930313233343536373839404142434445464748495051525354555657585960616263646566676869707172737475767778798081828384858687888990919293949596979899100101102103104105106107108109110111112113114115116117118119120121122123124125126127128129130131132133134135136137138139140141142143144145146147148149150151152153154155156157158159160161162163164165RIB GRAPH 0.3 987771.56 ENDGRAPH ENDRIB
FIB GRAPH 0.3 414478.34 ENDGRAPH ENDFIB
totalRIbsize: 120861
totla bestpath nodes: 331863
totla bestpath tcost: 145481904

Testing on Transit seed 8
numpathcap: 10
123456789101112131415161718192021222324252627282930313233343536373839404142434445464748495051525354555657585960616263646566676869707172737475767778798081828384858687888990919293949596979899100101102103104105106107108109110111112113114115116117118119120121122123124125126127128129130131132133134135136137138139140141142143144145146147148149150151152153154155156157158159160161162163164165RIB GRAPH 0.3 961695.44 ENDGRAPH ENDRIB
FIB GRAPH 0.3 398290.0 ENDGRAPH ENDFIB
totalRIbsize: 119838
totla bestpath nodes: 332249
totla bestpath tcost: 139799799

Testing on Transit seed 9
numpathcap: 10
123456789101112131415161718192021222324252627282930313233343536373839404142434445464748495051525354555657585960616263646566676869707172737475767778798081828384858687888990919293949596979899100101102103104105106107108109110111112113114115116117118119120121122123124125126127128129130131132133134135136137138139140141142143144145146147148149150151152153154155156157158159160161162163164165RIB GRAPH 0.3 949334.0 ENDGRAPH ENDRIB
FIB GRAPH 0.3 400582.06 ENDGRAPH ENDFIB
totalRIbsize: 120542
totla bestpath nodes: 334628
totla bestpath tcost: 140604298

Testing on Transit seed 10
numpathcap: 10
123456789101112131415161718192021222324252627282930313233343536373839404142434445464748495051525354555657585960616263646566676869707172737475767778798081828384858687888990919293949596979899100101102103104105106107108109110111112113114115116117118119120121122123124125126127128129130131132133134135136137138139140141142143144145146147148149150151152153154155156157158159160161162163164165RIB GRAPH 0.3 1005511.7 ENDGRAPH ENDRIB
FIB GRAPH 0.3 422106.16 ENDGRAPH ENDFIB
totalRIbsize: 121747
totla bestpath nodes: 322246
totla bestpath tcost: 148159269

Testing for stub/transit percentage: 0.400000

Testing on Transit seed 1
numpathcap: 10
12345678910111213141516171819202122232425262728293031323334353637taking longer than: 30stopping this run
removing rib and fib entries for : 358
3839404142434445464748495051525354555657585960616263646566676869707172737475767778798081828384858687888990919293949596979899100101102103104105106107108109110111112113114115116117118119120121122123124125126127128129130131132133134135136137138139140141142143144145146147148149150151152153154155156157158159160161162163164165RIB GRAPH 0.4 780969.6 ENDGRAPH ENDRIB
FIB GRAPH 0.4 359805.72 ENDGRAPH ENDFIB
totalRIbsize: 95132
totla bestpath nodes: 305222
totla bestpath tcost: 107941710

Testing on Transit seed 2
numpathcap: 10
1234567891011121314151617181920212223242526272829303132333435363738394041taking longer than: 30stopping this run
removing rib and fib entries for : 367
42434445464748495051525354555657585960616263646566676869707172737475767778798081828384858687888990919293949596979899100101102103104105106107108109110111112113114115116117118119120121122123124125126127128129130131132133134135136137138139140141142143144145146147148149150151152153154155156157158159160161162163164165RIB GRAPH 0.4 778245.3 ENDGRAPH ENDRIB
FIB GRAPH 0.4 378042.56 ENDGRAPH ENDFIB
totalRIbsize: 85346
totla bestpath nodes: 293835
totla bestpath tcost: 113412767

Testing on Transit seed 3
numpathcap: 10
123456789101112131415161718192021222324252627282930313233343536373839404142434445464748495051525354555657585960616263646566676869707172737475767778798081828384858687888990919293949596979899100101102103104105106107108109110111112113114115116117118119120121122123124125126127128129130131132133134135136137138139140141142143144145146147148149150151152153154155156157158159160161162163164165RIB GRAPH 0.4 989479.9 ENDGRAPH ENDRIB
FIB GRAPH 0.4 415080.44 ENDGRAPH ENDFIB
totalRIbsize: 104298
totla bestpath nodes: 279014
totla bestpath tcost: 124524129

Testing on Transit seed 4
numpathcap: 10
1234567891011121314151617181920212223242526272829303132333435363738394041424344454647484950515253545556575859606162636465666768taking longer than: 30stopping this run
removing rib and fib entries for : 411
69707172737475767778798081828384858687888990919293949596979899100101102103104105106107108109110111112113114115116117118119120121122123124125126127128129130131132133134135136137138139140141142143144145146147148149150151152153154155156157158159160161162163164165RIB GRAPH 0.4 834808.94 ENDGRAPH ENDRIB
FIB GRAPH 0.4 415442.84 ENDGRAPH ENDFIB
totalRIbsize: 84629
totla bestpath nodes: 294846
totla bestpath tcost: 124632859

Testing on Transit seed 5
numpathcap: 10
123456789101112131415161718192021222324252627282930313233343536373839404142434445464748495051525354555657585960616263646566676869707172737475767778798081828384858687888990919293949596979899100101102103104105106107108109110111112113114115116117118119120121122123124125126127128129130131132133134135136137138139140141142143144145146147148149150151152153154155156157158159160161162163164165RIB GRAPH 0.4 816733.9 ENDGRAPH ENDRIB
FIB GRAPH 0.4 363300.3 ENDGRAPH ENDFIB
totalRIbsize: 99709
totla bestpath nodes: 297145
totla bestpath tcost: 108990096

Testing on Transit seed 6
numpathcap: 10
123456789101112131415161718192021222324252627282930313233343536373839404142434445464748495051525354555657585960616263646566676869707172737475767778798081828384858687888990919293949596979899100101102103104105106107108109110111112113114115116117118119120121122123124125126127128129130131132133134135136137138139140141142143144145146147148149150151152153154155156157158159160161162163164165RIB GRAPH 0.4 904240.0 ENDGRAPH ENDRIB
FIB GRAPH 0.4 396861.4 ENDGRAPH ENDFIB
totalRIbsize: 101074
totla bestpath nodes: 297504
totla bestpath tcost: 119058422

Testing on Transit seed 7
numpathcap: 10
123456789101112131415161718192021222324252627282930313233343536373839404142434445464748495051525354555657585960616263646566676869707172737475767778798081828384858687888990919293949596979899100101102103104105106107108109110111112113114115116117118119120121122123124125126127128129130131132133134135136137138139140141142143144145146147148149150151152153154155156157158159160161162163164165RIB GRAPH 0.4 954226.56 ENDGRAPH ENDRIB
FIB GRAPH 0.4 399681.5 ENDGRAPH ENDFIB
totalRIbsize: 102196
totla bestpath nodes: 283479
totla bestpath tcost: 119904449

Testing on Transit seed 8
numpathcap: 10
123456789101112131415161718192021222324252627282930313233343536373839404142434445464748495051525354555657585960616263646566676869707172737475767778798081828384858687888990919293949596979899100101102103104105106107108109110111112113114taking longer than: 30stopping this run
removing rib and fib entries for : 462
115116117118119120121122123124125126127128129130131132133134135136137138139140141142143144145146147148149150151152153154155156157158159160161162163164165RIB GRAPH 0.4 893102.8 ENDGRAPH ENDRIB
FIB GRAPH 0.4 378170.12 ENDGRAPH ENDFIB
totalRIbsize: 100224
totla bestpath nodes: 282460
totla bestpath tcost: 113451041

Testing on Transit seed 9
numpathcap: 10
123456789101112131415161718192021222324252627282930313233343536373839404142434445464748495051525354taking longer than: 30stopping this run
removing rib and fib entries for : 393
555657585960616263646566676869707172737475767778798081828384858687888990919293949596979899100101102103104105106107108109110111112113114115116117118119120121122123124125126127128129130131132133134135136137138139140141142143144145146147148149150151152153154155156157158159160161162163164165RIB GRAPH 0.4 922191.56 ENDGRAPH ENDRIB
FIB GRAPH 0.4 407824.56 ENDGRAPH ENDFIB
totalRIbsize: 99528
totla bestpath nodes: 303492
totla bestpath tcost: 122347365

Testing on Transit seed 10
numpathcap: 10
123456789101112131415161718192021222324252627282930313233343536373839404142434445464748495051525354555657585960616263646566676869707172737475767778798081828384858687888990919293949596979899100101102103104105106107108109110111112113114115116117118119120121122123124125126127128129130131132133134135136137138139140141142143144145146147148149150151152153154155156157158159160161162163164165RIB GRAPH 0.4 982289.25 ENDGRAPH ENDRIB
FIB GRAPH 0.4 416159.84 ENDGRAPH ENDFIB
totalRIbsize: 103112
totla bestpath nodes: 279538
totla bestpath tcost: 124847951

Testing for stub/transit percentage: 0.500000

Testing on Transit seed 1
numpathcap: 10
123456789101112131415161718192021222324252627282930taking longer than: 30stopping this run
removing rib and fib entries for : 344
313233343536373839404142434445464748495051525354555657585960616263646566676869707172737475767778798081828384858687888990919293949596979899100101102103104105106107108109110111112113114115116117118119120121122123124125126127128129130131132133134135136137138139140141142143144145146147148149150151152153154155156157158159160161162163164165RIB GRAPH 0.5 688382.44 ENDGRAPH ENDRIB
FIB GRAPH 0.5 319425.4 ENDGRAPH ENDFIB
totalRIbsize: 80471
totla bestpath nodes: 252108
totla bestpath tcost: 80175776

Testing on Transit seed 2
numpathcap: 10
123456789101112131415161718192021222324252627282930313233343536373839404142434445464748495051525354555657585960616263646566676869707172737475taking longer than: 30stopping this run
removing rib and fib entries for : 420
767778798081828384858687888990919293949596979899100101102103104105106107108109110111112113114115116117118119120121122123124125126127128129130131132133134135136137138139140141142143144145146147148149150151152153154155156157158159160161162163164165RIB GRAPH 0.5 854518.44 ENDGRAPH ENDRIB
FIB GRAPH 0.5 368990.03 ENDGRAPH ENDFIB
totalRIbsize: 83599
totla bestpath nodes: 241818
totla bestpath tcost: 92616499

Testing on Transit seed 3
numpathcap: 10
123456789101112131415161718192021222324252627282930313233343536373839404142434445464748495051525354555657585960616263646566676869707172737475767778798081828384858687888990919293949596979899100101102103104105106107108109110111112113114115116117118119120121122123124125126127128129130131132133134135136137138139140141142143144145146147148149150151152153154155156157158159160161162163164165RIB GRAPH 0.5 909993.75 ENDGRAPH ENDRIB
FIB GRAPH 0.5 381754.2 ENDGRAPH ENDFIB
totalRIbsize: 87426
totla bestpath nodes: 235915
totla bestpath tcost: 95820305

Testing on Transit seed 4
numpathcap: 10
123456789101112131415161718192021222324252627282930313233343536373839404142434445464748495051525354555657585960616263646566676869707172737475767778798081828384858687888990919293949596979899100101102103104105106107108109110111112113114115116117118119120121122123124125126127128129130131132133134135136137138139140141142143144145146147148149150151152153154155156157158159160161162163164165RIB GRAPH 0.5 816797.4 ENDGRAPH ENDRIB
FIB GRAPH 0.5 352931.06 ENDGRAPH ENDFIB
totalRIbsize: 84489
totla bestpath nodes: 250687
totla bestpath tcost: 88585695

Testing on Transit seed 5
numpathcap: 10
123456789101112131415161718192021222324252627282930313233343536373839404142434445464748495051525354555657585960616263646566676869707172737475767778798081828384858687888990919293949596979899100101102103104105106107108109110111112113114115116117118119120121122123124125126127128129130131132133134135136137138139140141142143144145146147148149150151152153154155156157158159160161162163164165RIB GRAPH 0.5 799545.5 ENDGRAPH ENDRIB
FIB GRAPH 0.5 358668.12 ENDGRAPH ENDFIB
totalRIbsize: 83451
totla bestpath nodes: 245142
totla bestpath tcost: 90025696

Testing on Transit seed 6
numpathcap: 10
123456789101112131415161718192021222324252627282930313233343536373839404142434445464748495051525354555657585960616263646566676869707172737475767778798081828384858687888990919293949596979899100101102103104105106107108109110111112113114115116117118119120121122123124125126127128129130131132133134135136137138139140141142143144145146147148149150151152153154155156157158159160161162163164165RIB GRAPH 0.5 859100.25 ENDGRAPH ENDRIB
FIB GRAPH 0.5 374894.1 ENDGRAPH ENDFIB
totalRIbsize: 83989
totla bestpath nodes: 248750
totla bestpath tcost: 94098417

Testing on Transit seed 7
numpathcap: 10
123456789101112131415161718192021222324252627282930313233343536373839404142434445464748495051525354555657585960616263646566676869707172737475767778798081828384858687888990919293949596979899100101102103104105106107108109110111112113114115116117118119120121122123124125126127128129130131132133134135136137138139140141142143144145146147148149150151152153154155156157158159160161162163164165RIB GRAPH 0.5 970535.8 ENDGRAPH ENDRIB
FIB GRAPH 0.5 404235.2 ENDGRAPH ENDFIB
totalRIbsize: 85859
totla bestpath nodes: 238551
totla bestpath tcost: 101463033

Testing on Transit seed 8
numpathcap: 10
12345678910111213141516171819202122232425262728293031323334353637383940414243444546474849505152535455565758596061626364656667686970717273747576taking longer than: 30stopping this run
removing rib and fib entries for : 423
7778798081828384858687888990919293949596979899100101102103104105106107108109110111112113114115116117118119120121122123124125126127128129130131132133134135136137138139140141142143144145146147148149150151152153154155156157158159160161162163164165RIB GRAPH 0.5 866687.7 ENDGRAPH ENDRIB
FIB GRAPH 0.5 394908.2 ENDGRAPH ENDFIB
totalRIbsize: 79102
totla bestpath nodes: 243506
totla bestpath tcost: 99121955

Testing on Transit seed 9
numpathcap: 10
123456789101112131415161718192021222324252627282930313233343536373839404142434445464748495051525354555657585960616263646566676869707172737475767778798081828384858687888990919293949596979899100101102103104105106107108109110111112113114115116117118119120121taking longer than: 30stopping this run
removing rib and fib entries for : 211
122123124125126127128129130131132133134135136137138139140141142143144145146147148149150151152153154155156157158159160161162163164165RIB GRAPH 0.5 809631.8 ENDGRAPH ENDRIB
FIB GRAPH 0.5 368310.9 ENDGRAPH ENDFIB
totalRIbsize: 81723
totla bestpath nodes: 252320
totla bestpath tcost: 92446037

Testing on Transit seed 10
numpathcap: 10
123456789101112131415161718192021222324252627282930313233343536373839404142434445464748495051525354555657585960616263646566676869707172737475767778798081828384858687888990919293949596979899100101102103104105106107108109110111112113114115116117118119120121122123124125126127128129130131132133134135136137138139140141142143144145146147148149150151152153154155156157158159160161162163164165RIB GRAPH 0.5 958157.2 ENDGRAPH ENDRIB
FIB GRAPH 0.5 412039.3 ENDGRAPH ENDFIB
totalRIbsize: 85268
totla bestpath nodes: 234332
totla bestpath tcost: 103421861

Testing for stub/transit percentage: 0.600000

Testing on Transit seed 1
numpathcap: 10
123456789101112131415161718192021222324252627282930313233343536373839404142434445464748495051525354555657585960616263646566676869707172737475767778798081828384858687888990919293949596979899100101102103104105106107108109110111112113114115116117118119120121122123124125126127128129130131132133134135136137138139140141142143144145146147148149150151152153154155156157158159160161162163164165RIB GRAPH 0.6 663368.75 ENDGRAPH ENDRIB
FIB GRAPH 0.6 290508.62 ENDGRAPH ENDFIB
totalRIbsize: 66722
totla bestpath nodes: 201080
totla bestpath tcost: 58101726

Testing on Transit seed 2
numpathcap: 10
12345678910111213141516171819202122232425262728293031323334353637383940414243444546474849505152535455565758596061626364656667686970717273747576777879808182838485868788899091929394taking longer than: 30stopping this run
removing rib and fib entries for : 445
9596979899100101102103104105106107108109110111112113114115116117118119120121122123124125126127128129130131132133134135136137138139140141142143144145146147148149150151152153154155156157158159160161162163164165RIB GRAPH 0.6 786157.94 ENDGRAPH ENDRIB
FIB GRAPH 0.6 343036.16 ENDGRAPH ENDFIB
totalRIbsize: 65863
totla bestpath nodes: 194667
totla bestpath tcost: 68607234

Testing on Transit seed 3
numpathcap: 10
123456789101112131415161718192021222324252627282930313233343536373839404142434445464748495051525354555657585960616263646566676869707172737475767778798081828384858687888990919293949596979899100101102103104105106107108109110111112113114115116117118119120121122123124125126127128129130131132133134135136137138139140141142143144145146147148149150151152153154155156157158159160161162163164165RIB GRAPH 0.6 807738.3 ENDGRAPH ENDRIB
FIB GRAPH 0.6 344982.4 ENDGRAPH ENDFIB
totalRIbsize: 68535
totla bestpath nodes: 190071
totla bestpath tcost: 68996476

Testing on Transit seed 4
numpathcap: 10
123456789101112131415161718192021222324252627282930313233343536373839404142434445464748495051525354555657585960616263646566676869707172737475767778798081828384858687888990919293949596979899100101102103104105106107108109110111112113114115116117118119120121122123124125126127128129130131132133134135136137138139140141142143144145146147148149150151152153154155156157158159160161162163164165RIB GRAPH 0.6 766404.2 ENDGRAPH ENDRIB
FIB GRAPH 0.6 333470.53 ENDGRAPH ENDFIB
totalRIbsize: 67148
totla bestpath nodes: 199494
totla bestpath tcost: 66694108

Testing on Transit seed 5
numpathcap: 10
123456789101112131415161718192021222324252627282930313233343536373839404142434445464748495051525354555657585960616263646566676869707172737475767778798081828384858687888990919293949596979899100101102103104105106107108109110111112113114115116117118119120121122123124125126127128129130taking longer than: 30stopping this run
removing rib and fib entries for : 476
131132133134135136137138139140141142143144145146147148149150151152153154155156157158159160161162163164165RIB GRAPH 0.6 734679.8 ENDGRAPH ENDRIB
FIB GRAPH 0.6 328191.72 ENDGRAPH ENDFIB
totalRIbsize: 65944
totla bestpath nodes: 194697
totla bestpath tcost: 65638346

Testing on Transit seed 6
numpathcap: 10
123456789101112131415161718192021222324252627282930313233343536373839404142434445464748495051525354555657585960616263646566676869707172737475767778798081828384858687888990919293949596979899100101102103104105106107108109110111112113114115116117118119120121122123124125126127128129130131132133134135taking longer than: 30stopping this run
removing rib and fib entries for : 481
136137138139140141142143144145146147148149150151152153154155156157158159160161162163164165RIB GRAPH 0.6 744367.94 ENDGRAPH ENDRIB
FIB GRAPH 0.6 331828.38 ENDGRAPH ENDFIB
totalRIbsize: 66339
totla bestpath nodes: 193690
totla bestpath tcost: 66365676

Testing on Transit seed 7
numpathcap: 10
1234567891011121314151617181920212223242526272829303132333435363738394041424344454647484950taking longer than: 30stopping this run
removing rib and fib entries for : 387
51525354555657585960616263646566676869707172737475767778798081828384858687888990919293949596979899100101102103104105106107108109110111112113114115116117118119120121122123124125126127128129130131132133134135136137138139140141142143144145146147148149150151152153154155156157158159160161162taking longer than: 30stopping this run
removing rib and fib entries for : 499
163164165RIB GRAPH 0.6 833439.8 ENDGRAPH ENDRIB
FIB GRAPH 0.6 372142.56 ENDGRAPH ENDFIB
totalRIbsize: 63617
totla bestpath nodes: 188342
totla bestpath tcost: 74428509

Testing on Transit seed 8
numpathcap: 10
123456789101112131415161718192021222324252627282930313233343536373839404142434445464748495051525354555657585960616263646566676869707172737475767778798081828384858687888990919293949596979899100101102103104105106107108109110111112113114115116117118119120121122123124125126127128129130131132133134135136137138139140141142143144145146147148149150151152153154155156157158159160161162163164165RIB GRAPH 0.6 815446.94 ENDGRAPH ENDRIB
FIB GRAPH 0.6 344474.28 ENDGRAPH ENDFIB
totalRIbsize: 68105
totla bestpath nodes: 194706
totla bestpath tcost: 68894853

Testing on Transit seed 9
numpathcap: 10
123456789101112131415161718192021222324252627282930313233343536373839404142434445464748495051525354555657585960616263646566676869707172737475767778798081828384858687888990919293949596979899100101102103104105106107108109110111112113114115116117118119120121122123124125126127128129130131132133134135136137138139140141142143144145146147148149150151152153154155156157158159160161162163164165RIB GRAPH 0.6 774651.7 ENDGRAPH ENDRIB
FIB GRAPH 0.6 340191.56 ENDGRAPH ENDFIB
totalRIbsize: 66944
totla bestpath nodes: 197858
totla bestpath tcost: 68038309

Testing on Transit seed 10
numpathcap: 10
123456789101112131415161718192021222324252627282930313233343536373839404142434445464748495051525354555657585960616263646566676869707172737475767778798081828384858687888990919293949596979899100101102103104105106107108109110111112113114115116117118119120121122123124125126127128129130131132133134135136137138139140141142143144145146147148149150151152153154155156157158159160161162163164165RIB GRAPH 0.6 923062.75 ENDGRAPH ENDRIB
FIB GRAPH 0.6 403866.75 ENDGRAPH ENDFIB
totalRIbsize: 67249
totla bestpath nodes: 188627
totla bestpath tcost: 80773354

Testing for stub/transit percentage: 0.700000

Testing on Transit seed 1
numpathcap: 10
123456789101112131415161718192021222324252627282930313233343536373839404142434445464748495051525354555657585960616263646566676869707172737475767778798081828384858687888990919293949596979899100101102103104105106107108109110111112113114115116117118119120121122123124125126127128129130131132133134135136137138139140141142143144145146147148149150151152153154155156157158159160161162163164165RIB GRAPH 0.7 616483.7 ENDGRAPH ENDRIB
FIB GRAPH 0.7 271559.78 ENDGRAPH ENDFIB
totalRIbsize: 50199
totla bestpath nodes: 146145
totla bestpath tcost: 41005526

Testing on Transit seed 2
numpathcap: 10
123456789101112131415161718192021222324252627282930313233343536373839404142434445464748495051525354555657585960616263646566676869707172737475767778798081828384858687888990919293949596979899100101102103104105106107108109110111112113114115116117118119120121122123124125126127128129130131132133134135136137138139140141142143144145146147148149150151152153154155156157158159160161162163164165RIB GRAPH 0.7 790291.9 ENDGRAPH ENDRIB
FIB GRAPH 0.7 342602.88 ENDGRAPH ENDFIB
totalRIbsize: 50392
totla bestpath nodes: 146173
totla bestpath tcost: 51733030

Testing on Transit seed 3
numpathcap: 10
123456789101112131415161718192021222324252627282930313233343536373839404142434445464748495051525354555657585960616263646566676869707172737475767778798081828384858687888990919293949596979899100101102103104105106107108109110111112113114115116117118119120121122123124125126127128129130131132133134135136137138139140141142143144145146147148149150151152153154155156157158159160161162163164165RIB GRAPH 0.7 791833.2 ENDGRAPH ENDRIB
FIB GRAPH 0.7 340912.12 ENDGRAPH ENDFIB
totalRIbsize: 51137
totla bestpath nodes: 145854
totla bestpath tcost: 51477732

Testing on Transit seed 4
numpathcap: 10
123456789101112131415161718192021222324252627282930313233343536373839404142434445464748495051525354555657585960616263646566676869707172737475767778798081828384858687888990919293949596979899100101102103104105106107108109110111112113114115116117118119120121122123124125126127128129130131132133134135136137138139140141142143144145146147148149150151152153154155156157158159160161162163164165RIB GRAPH 0.7 743121.1 ENDGRAPH ENDRIB
FIB GRAPH 0.7 319887.75 ENDGRAPH ENDFIB
totalRIbsize: 50757
totla bestpath nodes: 150634
totla bestpath tcost: 48303052

Testing on Transit seed 5
numpathcap: 10
12345678910111213141516171819202122232425262728293031323334353637383940414243444546474849505152535455565758596061626364656667686970717273747576777879808182838485868788899091929394959697taking longer than: 30stopping this run
removing rib and fib entries for : 449
9899100101102103104105106107108109110111112113114115116117118119120121122123124125126127128129130131132133134135136137138139140141142143144145146147148149150151152153154155156157158159160161162163164165RIB GRAPH 0.7 677643.3 ENDGRAPH ENDRIB
FIB GRAPH 0.7 317101.12 ENDGRAPH ENDFIB
totalRIbsize: 47708
totla bestpath nodes: 144865
totla bestpath tcost: 47882272

Testing on Transit seed 6
numpathcap: 10
123456789101112131415161718192021222324252627282930313233343536373839404142434445464748495051525354555657585960616263646566676869707172737475767778798081828384858687888990919293949596979899100101102103104105106107108109110111112113114115116117118119120121122123124125126127128129130131132133134135136137138139140141142143144145146147148149150151152153154155156157158159160161162163164165RIB GRAPH 0.7 766422.4 ENDGRAPH ENDRIB
FIB GRAPH 0.7 341205.97 ENDGRAPH ENDFIB
totalRIbsize: 50525
totla bestpath nodes: 149743
totla bestpath tcost: 51522099

Testing on Transit seed 7
numpathcap: 10
123456789101112131415161718192021222324252627282930313233343536373839404142434445464748495051525354555657585960616263646566676869707172737475767778798081828384858687888990919293949596979899100101102103104105106107108109110111112113114115116117118119120121122123124125126127128129130131132133134135136137138139140141142143144145146147148149150151152153154155156157158159160161162163164165RIB GRAPH 0.7 788805.94 ENDGRAPH ENDRIB
FIB GRAPH 0.7 324479.56 ENDGRAPH ENDFIB
totalRIbsize: 51445
totla bestpath nodes: 142682
totla bestpath tcost: 48996413

Testing on Transit seed 8
numpathcap: 10
123456789101112131415161718192021222324252627282930313233343536373839404142434445464748495051525354555657585960616263646566676869707172737475767778798081828384858687888990919293949596979899100101102103104105106107108109110111112113114115116117118119120121122123124125126127128129130131132133134135136137138139140141142143144145146147148149150151152153154155156157158159160161162163164165RIB GRAPH 0.7 832126.5 ENDGRAPH ENDRIB
FIB GRAPH 0.7 349787.44 ENDGRAPH ENDFIB
totalRIbsize: 51511
totla bestpath nodes: 147181
totla bestpath tcost: 52817905

Testing on Transit seed 9
numpathcap: 10
123456789101112131415161718192021222324252627282930313233343536373839404142434445464748495051525354555657585960616263646566676869707172737475767778798081828384858687888990919293949596979899100101102103104105106107108109110111112113114115116117118119120121122123124125126127128129130131132133134135136137138139140141142143144145146147148149150151152153154155156157158159160161162163164165RIB GRAPH 0.7 678809.6 ENDGRAPH ENDRIB
FIB GRAPH 0.7 299986.28 ENDGRAPH ENDFIB
totalRIbsize: 50399
totla bestpath nodes: 150778
totla bestpath tcost: 45297926

Testing on Transit seed 10
numpathcap: 10
123456789101112131415161718192021222324252627282930313233343536373839404142434445464748495051525354555657585960616263646566676869707172737475767778798081828384858687888990919293949596979899100101102103104105106107108109110111112113114115116117118119120121122123124125126127128129130131132133134135136137138139140141142143144145146147148149150151152153154155156157158159160161162163164165RIB GRAPH 0.7 868320.4 ENDGRAPH ENDRIB
FIB GRAPH 0.7 387016.88 ENDGRAPH ENDFIB
totalRIbsize: 50807
totla bestpath nodes: 142040
totla bestpath tcost: 58439549

Testing for stub/transit percentage: 0.800000

Testing on Transit seed 1
numpathcap: 10
123456789101112131415161718192021222324252627282930313233343536373839404142434445464748495051525354555657585960616263646566676869707172737475767778798081828384858687888990919293949596979899100101102103104105106107108109110111112113114115116117118119120121122123124125126127128129130131132133134135136137138139140141142143144145146147148149150151152153154155156157158159160161162163164165RIB GRAPH 0.8 596204.3 ENDGRAPH ENDRIB
FIB GRAPH 0.8 257837.58 ENDGRAPH ENDFIB
totalRIbsize: 33002
totla bestpath nodes: 96372
totla bestpath tcost: 25783758

Testing on Transit seed 2
numpathcap: 10
123456789101112131415161718192021222324252627282930313233343536373839404142434445464748495051525354555657585960616263646566676869707172737475767778798081828384858687888990919293949596979899100101102103104105106107108109110111112113114115116117118119120121122123124125126127128129130131132133134135136137138139140141142143144145146147148149150151152153154155156157158159160161162163164165RIB GRAPH 0.8 799107.5 ENDGRAPH ENDRIB
FIB GRAPH 0.8 330780.25 ENDGRAPH ENDFIB
totalRIbsize: 33469
totla bestpath nodes: 98208
totla bestpath tcost: 33078023

Testing on Transit seed 3
numpathcap: 10
1234567891011121314151617181920212223242526272829303132333435363738394041424344454647484950515253545556575859606162636465666768697071727374757677787980818283848586878889taking longer than: 30stopping this run
removing rib and fib entries for : 437
90919293949596979899100101102103104105106107108109110111112113114115116117118119120121122123124125126127128129130131132133134135136137138139140141142143144145146147148149150151152153154155156157158159160161162163164165RIB GRAPH 0.8 657587.8 ENDGRAPH ENDRIB
FIB GRAPH 0.8 309575.38 ENDGRAPH ENDFIB
totalRIbsize: 32618
totla bestpath nodes: 98301
totla bestpath tcost: 30957535

Testing on Transit seed 4
numpathcap: 10
123456789101112131415161718192021222324252627282930313233343536373839404142434445464748495051525354555657585960616263646566676869707172737475767778798081828384858687888990919293949596979899100101102103104105106107108109110111112113114115116117118119120121122123124125126127128129130131132133134135136137138139140141142143144145146147148149150151152153154155156157158159160161162163164165RIB GRAPH 0.8 630777.2 ENDGRAPH ENDRIB
FIB GRAPH 0.8 284767.6 ENDGRAPH ENDFIB
totalRIbsize: 33405
totla bestpath nodes: 98016
totla bestpath tcost: 28476759

Testing on Transit seed 5
numpathcap: 10
123456789101112131415161718192021222324252627282930313233343536373839404142434445464748495051525354555657585960616263646566676869707172737475767778798081828384858687888990919293949596979899100101102103104105106107108109110111112113114115116117118119120121122123124125126127128129130131132133134135136137138139140141142143144145146147148149150151152153154155156157158159160161162163164165RIB GRAPH 0.8 602112.56 ENDGRAPH ENDRIB
FIB GRAPH 0.8 280865.6 ENDGRAPH ENDFIB
totalRIbsize: 33159
totla bestpath nodes: 95824
totla bestpath tcost: 28086561

Testing on Transit seed 6
numpathcap: 10
123456789101112131415161718192021222324252627282930313233343536373839404142434445464748495051525354555657585960616263646566676869707172737475767778798081828384858687888990919293949596979899100101102103104105106107108109110taking longer than: 30stopping this run
removing rib and fib entries for : 204
111112113114115116117118119120121122123124125126127128129130131132133134135136137138139140141142143144145146147148149150151152153154155156157158159160161162163164165RIB GRAPH 0.8 621241.2 ENDGRAPH ENDRIB
FIB GRAPH 0.8 283305.16 ENDGRAPH ENDFIB
totalRIbsize: 32566
totla bestpath nodes: 98279
totla bestpath tcost: 28330517

Testing on Transit seed 7
numpathcap: 10
1234567891011121314151617181920212223242526272829303132333435363738taking longer than: 30stopping this run
removing rib and fib entries for : 360
39404142434445464748495051525354555657585960616263646566676869707172737475767778798081828384858687888990919293949596979899100101102103104105106107108109110111112113114115116117118119120121122123124125126127128129130131132133134135136137138139140141142143144145146147148149150151152153154155156157158159160161162163164165RIB GRAPH 0.8 634175.75 ENDGRAPH ENDRIB
FIB GRAPH 0.8 278407.03 ENDGRAPH ENDFIB
totalRIbsize: 33476
totla bestpath nodes: 93649
totla bestpath tcost: 27840703

Testing on Transit seed 8
numpathcap: 10
123456789101112131415161718192021222324252627282930313233343536373839404142434445464748495051525354555657585960616263646566676869707172737475767778798081828384858687888990919293949596979899100101102103104105106107108109110111112113114115116117118119120121122123124125126127128129130131132133134135136137138139140141142143144145146147148149150151152153154155156157158159160161162163164165RIB GRAPH 0.8 654744.4 ENDGRAPH ENDRIB
FIB GRAPH 0.8 284988.7 ENDGRAPH ENDFIB
totalRIbsize: 34116
totla bestpath nodes: 96098
totla bestpath tcost: 28498870

Testing on Transit seed 9
numpathcap: 10
123456789101112131415161718192021222324252627282930313233343536373839404142434445464748495051525354555657585960616263646566676869707172737475767778798081828384858687888990919293949596979899100101102103104105106107108109110111112113114115116117118119120121122123124125126127128129130131132133134135136137138139140141142143144145146147148149150151152153154155156157158159160161162163164165RIB GRAPH 0.8 609845.4 ENDGRAPH ENDRIB
FIB GRAPH 0.8 272772.44 ENDGRAPH ENDFIB
totalRIbsize: 33058
totla bestpath nodes: 99573
totla bestpath tcost: 27277244

Testing on Transit seed 10
numpathcap: 10
123456789101112131415161718192021222324252627282930313233343536373839404142434445464748495051525354555657585960616263646566676869707172737475767778798081828384858687888990919293949596979899100101102103104105106107108109110111112113114115116117118119120121122123124125126127128129130131132133134135136137138139140141142143144145146147148149150151152153154155156157158159160161162163164165RIB GRAPH 0.8 858685.5 ENDGRAPH ENDRIB
FIB GRAPH 0.8 375627.03 ENDGRAPH ENDFIB
totalRIbsize: 33739
totla bestpath nodes: 93594
totla bestpath tcost: 37562705

Testing for stub/transit percentage: 0.900000

Testing on Transit seed 1
numpathcap: 10
123456789101112131415161718192021222324252627282930313233343536373839404142434445464748495051525354555657585960616263646566676869707172737475767778798081828384858687888990919293949596979899100101102103104105106107108109110111112113114115116117118119120121122123124125126127128129130131132133134135136137138139140141142143144145146147148149150151152153154155156157158159160161162163164165RIB GRAPH 0.9 554705.44 ENDGRAPH ENDRIB
FIB GRAPH 0.9 242995.2 ENDGRAPH ENDFIB
totalRIbsize: 16885
totla bestpath nodes: 49022
totla bestpath tcost: 12392755

Testing on Transit seed 2
numpathcap: 10
123456789101112131415161718192021222324252627282930313233343536373839404142434445464748495051525354555657585960616263646566676869707172737475767778798081828384858687888990919293949596979899100101102103104105106107108109110111112113114115116117118119120121122123124125126127128129130131132133134135136137138139140141142143144145146147148149150151152153154155156157158159160161162163164165RIB GRAPH 0.9 569561.75 ENDGRAPH ENDRIB
FIB GRAPH 0.9 241719.62 ENDGRAPH ENDFIB
totalRIbsize: 17000
totla bestpath nodes: 49531
totla bestpath tcost: 12327701

Testing on Transit seed 3
numpathcap: 10
123456789101112131415161718192021222324252627282930313233343536373839404142434445464748495051525354555657585960616263646566676869707172737475767778798081828384858687888990919293949596979899100101102103104105106107108109110111112113114115116117118119120121122123124125126127128129130131132133134135136137138139140141142143144145146147148149150151152153154155156157158159160161162163164165RIB GRAPH 0.9 583992.06 ENDGRAPH ENDRIB
FIB GRAPH 0.9 257689.25 ENDGRAPH ENDFIB
totalRIbsize: 16895
totla bestpath nodes: 50386
totla bestpath tcost: 13142152

Testing on Transit seed 4
numpathcap: 10
123456789101112131415161718192021222324252627282930313233343536373839404142434445464748495051525354555657585960616263646566676869707172737475767778798081828384858687888990919293949596979899100101102103104105106107108109110111112113114115116117118119120121122123124125126127128129130131132133134135136137138139140141142143144145146147148149150151152153154155156157158159160161162163164165RIB GRAPH 0.9 570901.1 ENDGRAPH ENDRIB
FIB GRAPH 0.9 256851.3 ENDGRAPH ENDFIB
totalRIbsize: 17141
totla bestpath nodes: 50132
totla bestpath tcost: 13099416

Testing on Transit seed 5
numpathcap: 10
123456789101112131415161718192021222324252627282930313233343536373839404142434445464748495051525354555657585960616263646566676869707172737475767778798081828384858687888990919293949596979899100101102103104105106107108109110111112113114115116117118119120121122123124125126127128129130131132133134135136137138139140141142143144145146147148149150151152153154155156157158159160161162163164165RIB GRAPH 0.9 572450.5 ENDGRAPH ENDRIB
FIB GRAPH 0.9 271856.66 ENDGRAPH ENDFIB
totalRIbsize: 16984
totla bestpath nodes: 49515
totla bestpath tcost: 13864690

Testing on Transit seed 6
numpathcap: 10
123456789101112131415161718192021222324252627282930313233343536373839404142434445464748495051525354555657585960616263646566676869707172737475767778798081828384858687888990919293949596979899100101102103104105106107108109110111112113114115116117118119120121122123124125126127128129130131132133134135136137138139140141142143144145146147148149150151152153154155156157158159160161162163164165RIB GRAPH 0.9 613059.6 ENDGRAPH ENDRIB
FIB GRAPH 0.9 270599.34 ENDGRAPH ENDFIB
totalRIbsize: 16878
totla bestpath nodes: 49803
totla bestpath tcost: 13800567

Testing on Transit seed 7
numpathcap: 10
1234567891011121314151617181920212223242526272829303132333435363738394041424344454647484950taking longer than: 30stopping this run
removing rib and fib entries for : 387
51525354555657585960616263646566676869707172737475767778798081828384858687888990919293949596979899100101102103104105106107108109110111112113114115116117118119120121122123124125126127128129130131132133134135136137138139140141142143144145146147148149150151152153154155156157158159160161162163164165RIB GRAPH 0.9 502774.2 ENDGRAPH ENDRIB
FIB GRAPH 0.9 229073.12 ENDGRAPH ENDFIB
totalRIbsize: 16916
totla bestpath nodes: 46593
totla bestpath tcost: 11682729

Testing on Transit seed 8
numpathcap: 10
123456789101112131415161718192021222324252627282930313233343536373839404142434445464748495051525354555657585960616263646566676869707172737475767778798081828384858687888990919293949596979899100101102103104105106107108109110111112113114115116117118119120121122123124125126127128129130131132133134135136137138139140141142143144145146147148149150151152153154155156157158159160161162163164165RIB GRAPH 0.9 604027.0 ENDGRAPH ENDRIB
FIB GRAPH 0.9 255737.7 ENDGRAPH ENDFIB
totalRIbsize: 17335
totla bestpath nodes: 48893
totla bestpath tcost: 13042623

Testing on Transit seed 9
numpathcap: 10
123456789101112131415161718192021222324252627282930313233343536373839404142434445464748495051525354555657585960616263646566676869707172737475767778798081828384858687888990919293949596979899100101102103104105106107108109110111112113114115116117118119120121122123124125126127128129130131132133134135136137138139140141142143144145146147148149150151152153154155156157158159160161162163164165RIB GRAPH 0.9 513647.28 ENDGRAPH ENDRIB
FIB GRAPH 0.9 226666.83 ENDGRAPH ENDFIB
totalRIbsize: 16819
totla bestpath nodes: 49913
totla bestpath tcost: 11560008

Testing on Transit seed 10
numpathcap: 10
123456789101112131415161718192021222324252627282930313233343536373839404142434445464748495051525354555657585960616263646566676869707172737475767778798081828384858687888990919293949596979899100101102103104105106107108109110111112113114115116117118119120121122123124125126127128129130131132133134135136137138139140141142143144145146147148149150151152153154155156157158159160161162163164165RIB GRAPH 0.9 578012.8 ENDGRAPH ENDRIB
FIB GRAPH 0.9 258727.69 ENDGRAPH ENDFIB
totalRIbsize: 16939
totla bestpath nodes: 48607
totla bestpath tcost: 13195112
numpathcap: 10
123456789101112131415161718192021222324252627282930313233343536373839404142434445464748495051525354555657585960616263646566676869707172737475767778798081828384858687888990919293949596979899100101102103104105106107108109110111112113114115116117118119120121122123124125126127128129130131132133134135136137138139140141142143144145146147148149150151152153154155156157158159160161162163164165RIB GRAPH 1.0 NaN ENDGRAPH ENDRIB
FIB GRAPH 1.0 NaN ENDGRAPH ENDFIB
totalRIbsize: 0
totla bestpath nodes: 0
totla bestpath tcost: 0
