
Testing for stub/transit percentage: 0.100000

Testing on Transit seed 1
2468101214161820222426283032343638404244464850525456586062646668707274767880828486889092949698100102104106108110112114116118120122124126128130132134136138140142144146148150152154156158160162164Average cost sum for transit ASes: 8432.581

Testing on Transit seed 2
2468101214161820222426283032343638404244464850525456586062646668707274767880828486889092949698100102104106108110112114116118120122124126128130132134136138140142144146148150152154156158160162164Average cost sum for transit ASes: 8532.909

Testing on Transit seed 3
2468101214161820222426283032343638404244464850525456586062646668707274767880828486889092949698100102104106108110112114116118120122124126128130132134136138140142144146148150152154156158160162164Average cost sum for transit ASes: 8123.3887

Testing on Transit seed 4
2468101214161820222426283032343638404244464850525456586062646668707274767880828486889092949698100102104106108110112114116118120122124126128130132134136138140142144146148150152154156158160162164Average cost sum for transit ASes: 8164.4546

Testing on Transit seed 5
2468101214161820222426283032343638404244464850525456586062646668707274767880828486889092949698100102104106108110112114116118120122124126128130132134136138140142144146148150152154156158160162164Average cost sum for transit ASes: 9141.833

Testing for stub/transit percentage: 0.200000

Testing on Transit seed 1
2468101214161820222426283032343638404244464850525456586062646668707274767880828486889092949698100102104106108110112114116118120122124126128130132134136138140142144146148150152154156158160162164Average cost sum for transit ASes: 8894.302

Testing on Transit seed 2
2468101214161820222426283032343638404244464850525456586062646668707274767880828486889092949698100102104106108110112114116118120122124126128130132134136138140142144146148150152154156158160162164Average cost sum for transit ASes: 8720.048

Testing on Transit seed 3
2468101214161820222426283032343638404244464850525456586062646668707274767880828486889092949698100102104106108110112114116118120122124126128130132134136138140142144146148150152154156158160162164Average cost sum for transit ASes: 8036.1465

Testing on Transit seed 4
2468101214161820222426283032343638404244464850525456586062646668707274767880828486889092949698100102104106108110112114116118120122124126128130132134136138140142144146148150152154156158160162164Average cost sum for transit ASes: 8015.5

Testing on Transit seed 5
2468101214161820222426283032343638404244464850525456586062646668707274767880828486889092949698100102104106108110112114116118120122124126128130132134136138140142144146148150152154156158160162164Average cost sum for transit ASes: 8955.173

//////invalid
Testing for stub/transit percentage: 0.300000

Testing on Transit seed 1
246810121416182022242628303234363840424446485052545658606264
Testing on Transit seed 2
2468101214161820222426283032343638404244464850525456586062646668707274767880828486889092949698100102
///////////invalid


<<<<<<< HEAD
=======

Testing for stub/transit percentage: 0.300000

Testing on Transit seed 2
2
Testing for stub/transit percentage: 0.300000

Testing on Transit seed 2
2468101214161820222426283032343638404244464850525456586062646668707274767880828486889092949698100102104106108110112114116118120122124126128130132134136138140142144146148150152154156158160162164Average cost sum for transit ASes: 8426.634

Testing for stub/transit percentage: 0.400000

Testing on Transit seed 2
2468101214161820222426283032343638404244464850525456586062646668707274767880828486889092949698100102104106108110112114116118120122124126128130132134136138140142144146148150152154156158160162164Average cost sum for transit ASes: 8087.234

Testing for stub/transit percentage: 0.500000

Testing on Transit seed 2
2468101214161820222426283032343638404244464850525456586062646668707274767880828486889092949698100102104106108110112114116118120122124126128130132134136138140142144146148150152154156158160162164Average cost sum for transit ASes: 7598.25

Testing for stub/transit percentage: 0.600000

Testing on Transit seed 2
2468101214161820222426283032343638404244464850525456586062646668707274767880828486889092949698100102104106108110112114116118120122124126128130132134136138140142144146148150152154156158160162164Average cost sum for transit ASes: 6740.4507

Testing for stub/transit percentage: 0.700000

Testing on Transit seed 2
2468101214161820222426283032343638404244464850525456586062646668707274767880828486889092949698100102104106108110112114116118120122124126128130132134136138140142144146148150152154156158160162164Average cost sum for transit ASes: 6327.1704

Testing for stub/transit percentage: 0.800000

Testing on Transit seed 2
2468101214161820222426283032343638404244464850525456586062646668707274767880828486889092949698100102104106108110112114116118120122124126128130132134136138140142144146148150152154156158160162164Average cost sum for transit ASes: 5021.455

Testing for stub/transit percentage: 0.900000

Testing on Transit seed 2
2468101214161820222426283032343638404244464850525456586062646668707274767880828486889092949698100102104106108110112114116118120122124126128130132134136138140142144146148150152154156158160162164Average cost sum for transit ASes: 3886.8733

Testing for stub/transit percentage: 1.000000

Testing on Transit seed 2
2468101214161820222426283032343638404244464850525456586062646668707274767880828486889092949698100102104106108110112114116118120122124126128130132134136138140142144146148150152154156158160162164Average cost sum for transit ASes: 3187.068
>>>>>>> bfa12d794928cfcb89a19192b0b5597d8819256d
