arg1 is the astypes to generate, 501-wiser, 504 sbgp, 505 bw
arg2 is the sim to perform in the simulator
arg3 is where to monitor in the simulator, participating 0, all 1, gulf 2
arg4 is whether to use bandwidth numbers in the simulator
arg5 is what metric to use RIBMETRIC 0, FIBMETRIC 1
501 5 2 0 1astypes.txt

LEGEND gulf, FIB state ENDLEGEND
LEGEND measured from gulf ASes ENDLEGEND
Testing for stub/transit percentage: 0.000000

Testing on Transit seed 1
165GRAPH 0.0 603739.06 ENDGRAPH
totalRIbsize: 175092
totla bestpath nodes: 446669
totla bestpath tcost: 204063814


Testing for stub/transit percentage: 0.100000

Testing on Transit seed 1
123456789101112131415161718192021222324252627282930313233343536373839404142434445464748495051525354555657585960616263646566676869707172737475767778798081828384858687888990919293949596979899100101102103104105106107108109110111112113114115116117118119120121122123124125126127128129130131132133134135136137138139140141142143144145146147148149150151152153154155156157158159160161162163164165GRAPH 0.1 610939.2 ENDGRAPH
totalRIbsize: 157991
totla bestpath nodes: 404025
totla bestpath tcost: 185725510

Testing on Transit seed 2
123456789101112131415161718192021222324252627282930313233343536373839404142434445464748495051525354555657585960616263646566676869707172737475767778798081828384858687888990919293949596979899100101102103104105106107108109110111112113114115116117118119120121122123124125126127128129130131132133134135136137138139140141142143144145146147148149150151152153154155156157158159160161162163164165GRAPH 0.1 601228.56 ENDGRAPH
totalRIbsize: 157343
totla bestpath nodes: 403416
totla bestpath tcost: 182773492

Testing on Transit seed 3
123456789101112131415161718192021222324252627282930313233343536373839404142434445464748495051525354555657585960616263646566676869707172737475767778798081828384858687888990919293949596979899100101102103104105106107108109110111112113114115116117118119120121122123124125126127128129130131132133134135136137138139140141142143144145146147148149150151152153154155156157158159160161162163164165GRAPH 0.1 609134.25 ENDGRAPH
totalRIbsize: 158731
totla bestpath nodes: 403336
totla bestpath tcost: 185785944

Testing on Transit seed 4
123456789101112131415161718192021222324252627282930313233343536373839404142434445464748495051525354555657585960616263646566676869707172737475767778798081828384858687888990919293949596979899100101102103104105106107108109110111112113114115116117118119120121122123124125126127128129130131132133134135136137138139140141142143144145146147148149150151152153154155156157158159160161162163164165GRAPH 0.1 608719.3 ENDGRAPH
totalRIbsize: 158595
totla bestpath nodes: 403622
totla bestpath tcost: 185659400

Testing on Transit seed 5
123456789101112131415161718192021222324252627282930313233343536373839404142434445464748495051525354555657585960616263646566676869707172737475767778798081828384858687888990919293949596979899100101102103104105106107108109110111112113114115116117118119120121122123124125126127128129130131132133134135136137138139140141142143144145146147148149150151152153154155156157158159160161162163164165GRAPH 0.1 648662.1 ENDGRAPH
totalRIbsize: 156864
totla bestpath nodes: 410781
totla bestpath tcost: 197841955

Testing on Transit seed 6
123456789101112131415161718192021222324252627282930313233343536373839404142434445464748495051525354555657585960616263646566676869707172737475767778798081828384858687888990919293949596979899100101102103104105106107108109110111112113114115116117118119120121122123124125126127128129130131132133134135136137138139140141142143144145146147148149150151152153154155156157158159160161162163164165GRAPH 0.1 641753.6 ENDGRAPH
totalRIbsize: 157193
totla bestpath nodes: 405946
totla bestpath tcost: 195734842

Testing on Transit seed 7
123456789101112131415161718192021222324252627282930313233343536373839404142434445464748495051525354555657585960616263646566676869707172737475767778798081828384858687888990919293949596979899100101102103104105106107108109110111112113114115116117118119120121122123124125126127128129130131132133134135136137138139140141142143144145146147148149150151152153154155156157158159160161162163164165GRAPH 0.1 598923.56 ENDGRAPH
totalRIbsize: 157874
totla bestpath nodes: 403212
totla bestpath tcost: 182671685

Testing on Transit seed 8
123456789101112131415161718192021222324252627282930313233343536373839404142434445464748495051525354555657585960616263646566676869707172737475767778798081828384858687888990919293949596979899100101102103104105106107108109110111112113114115116117118119120121122123124125126127128129130131132133134135136137138139140141142143144145146147148149150151152153154155156157158159160161162163164165GRAPH 0.1 600570.3 ENDGRAPH
totalRIbsize: 158543
totla bestpath nodes: 403298
totla bestpath tcost: 183173942

Testing on Transit seed 9
123456789101112131415161718192021222324252627282930313233343536373839404142434445464748495051525354555657585960616263646566676869707172737475767778798081828384858687888990919293949596979899100101102103104105106107108109110111112113114115116117118119120121122123124125126127128129130131132133134135136137138139140141142143144145146147148149150151152153154155156157158159160161162163164165GRAPH 0.1 602783.4 ENDGRAPH
totalRIbsize: 158585
totla bestpath nodes: 403110
totla bestpath tcost: 183848935

Testing on Transit seed 10
123456789101112131415161718192021222324252627282930313233343536373839404142434445464748495051525354555657585960616263646566676869707172737475767778798081828384858687888990919293949596979899100101102103104105106107108109110111112113114115116117118119120121122123124125126127128129130131132133134135136137138139140141142143144145146147148149150151152153154155156157158159160161162163164165GRAPH 0.1 606394.5 ENDGRAPH
totalRIbsize: 158558
totla bestpath nodes: 402994
totla bestpath tcost: 184343934

Testing for stub/transit percentage: 0.200000

Testing on Transit seed 1
123456789101112131415161718192021222324252627282930313233343536373839404142434445464748495051525354555657585960616263646566676869707172737475767778798081828384858687888990919293949596979899100101102103104105106107108109110111112113114115116117118119120121122123124125126127128129130131132133134135136137138139140141142143144145146147148149150151152153154155156157158159160161162163164165GRAPH 0.2 610475.1 ENDGRAPH
totalRIbsize: 138961
totla bestpath nodes: 361594
totla bestpath tcost: 164828294

Testing on Transit seed 2
123456789101112131415161718192021222324252627282930313233343536373839404142434445464748495051525354555657585960616263646566676869707172737475767778798081828384858687888990919293949596979899100101102103104105106107108109110111112113114115116117118119120121122123124125126127128129130131132133134135136137138139140141142143144145146147148149150151152153154155156157158159160161162163164165GRAPH 0.2 622008.7 ENDGRAPH
totalRIbsize: 138494
totla bestpath nodes: 363652
totla bestpath tcost: 167942356

Testing on Transit seed 3
123456789101112131415161718192021222324252627282930313233343536373839404142434445464748495051525354555657585960616263646566676869707172737475767778798081828384858687888990919293949596979899100101102103104105106107108109110111112113114115116117118119120121122123124125126127128129130131132133134135136137138139140141142143144145146147148149150151152153154155156157158159160161162163164165GRAPH 0.2 599550.4 ENDGRAPH
totalRIbsize: 140912
totla bestpath nodes: 360507
totla bestpath tcost: 162478164

Testing on Transit seed 4
123456789101112131415161718192021222324252627282930313233343536373839404142434445464748495051525354555657585960616263646566676869707172737475767778798081828384858687888990919293949596979899100101102103104105106107108109110111112113114115116117118119120121122123124125126127128129130131132133134135136137138139140141142143144145146147148149150151152153154155156157158159160161162163164165GRAPH 0.2 611362.75 ENDGRAPH
totalRIbsize: 140178
totla bestpath nodes: 361950
totla bestpath tcost: 165679310

Testing on Transit seed 5
123456789101112131415161718192021222324252627282930313233343536373839404142434445464748495051525354555657585960616263646566676869707172737475767778798081828384858687888990919293949596979899100101102103104105106107108109110111112113114115116117118119120121122123124125126127128129130131132133134135136137138139140141142143144145146147148149150151152153154155156157158159160161162163164165GRAPH 0.2 658630.2 ENDGRAPH
totalRIbsize: 139275
totla bestpath nodes: 364298
totla bestpath tcost: 177830139

Testing on Transit seed 6
123456789101112131415161718192021222324252627282930313233343536373839404142434445464748495051525354555657585960616263646566676869707172737475767778798081828384858687888990919293949596979899100101102103104105106107108109110111112113114115116117118119120121122123124125126127128129130131132133134135136137138139140141142143144145146147148149150151152153154155156157158159160161162163164165GRAPH 0.2 655007.0 ENDGRAPH
totalRIbsize: 139476
totla bestpath nodes: 359462
totla bestpath tcost: 176851894

Testing on Transit seed 7
123456789101112131415161718192021222324252627282930313233343536373839404142434445464748495051525354555657585960616263646566676869707172737475767778798081828384858687888990919293949596979899100101102103104105106107108109110111112113114115116117118119120121122123124125126127128129130131132133134135136137138139140141142143144145146147148149150151152153154155156157158159160161162163164165GRAPH 0.2 613671.4 ENDGRAPH
totalRIbsize: 140067
totla bestpath nodes: 359669
totla bestpath tcost: 165077603

Testing on Transit seed 8
123456789101112131415161718192021222324252627282930313233343536373839404142434445464748495051525354555657585960616263646566676869707172737475767778798081828384858687888990919293949596979899100101102103104105106107108109110111112113114115116117118119120121122123124125126127128129130131132133134135136137138139140141142143144145146147148149150151152153154155156157158159160161162163164165GRAPH 0.2 587743.4 ENDGRAPH
totalRIbsize: 140737
totla bestpath nodes: 357937
totla bestpath tcost: 159278446

Testing on Transit seed 9
123456789101112131415161718192021222324252627282930313233343536373839404142434445464748495051525354555657585960616263646566676869707172737475767778798081828384858687888990919293949596979899100101102103104105106107108109110111112113114115116117118119120121122123124125126127128129130131132133134135136137138139140141142143144145146147148149150151152153154155156157158159160161162163164165GRAPH 0.2 605896.56 ENDGRAPH
totalRIbsize: 140361
totla bestpath nodes: 359912
totla bestpath tcost: 163592071

Testing on Transit seed 10
123456789101112131415161718192021222324252627282930313233343536373839404142434445464748495051525354555657585960616263646566676869707172737475767778798081828384858687888990919293949596979899100101102103104105106107108109110111112113114115116117118119120121122123124125126127128129130131132133134135136137138139140141142143144145146147148149150151152153154155156157158159160161162163164165GRAPH 0.2 611927.9 ENDGRAPH
totalRIbsize: 141250
totla bestpath nodes: 358956
totla bestpath tcost: 165220533

Testing for stub/transit percentage: 0.300000

Testing on Transit seed 1
123456789101112131415161718192021222324252627282930313233343536373839404142434445464748495051525354555657585960616263646566676869707172737475767778798081828384858687888990919293949596979899100101102103104105106107108109110111112113114115116117118119120121122123124125126127128129130131132133134135136137138139140141142143144145146147148149150taking longer than: 20secs exiting

Testing on Transit seed 2
123456789101112131415161718192021222324252627282930313233343536373839404142434445464748495051525354555657585960616263646566676869707172737475767778798081828384858687888990919293949596979899100101102103104105106107108109110111112113114115116117118119120121122123124125126127128129130131132133134135136137taking longer than: 20secs exiting

Testing on Transit seed 3
123456789101112131415161718192021222324252627282930313233343536373839404142434445464748495051525354555657585960616263646566676869707172737475767778798081828384858687888990919293949596979899100101102103104105106107108109110111112113114115116117118119120121122123124125126127128129130131132133134135136137138139140141142143144145146147148149150151152153154155156157158159160161162163164165GRAPH 0.3 618573.5 ENDGRAPH
totalRIbsize: 124033
totla bestpath nodes: 319143
totla bestpath tcost: 147220498

Testing on Transit seed 4
123456789101112131415161718192021222324252627282930313233343536373839404142434445464748495051525354555657585960616263646566676869707172737475767778798081828384858687888990919293949596979899100101102103104105106107108109110111112113114115116117118119120121122123124125126127128129130131132133134135taking longer than: 20secs exiting

Testing on Transit seed 5
12taking longer than: 20secs exiting

Testing on Transit seed 6
123456789101112131415161718192021222324252627282930313233343536373839404142434445464748495051525354555657585960616263646566676869707172737475767778798081828384858687888990919293949596979899100101102103104105106107108109110111112113114115116117118119120121122123124125126127128129130131132133134135136137138139140141142143144145146147148149150151152153154155156157158159160161162163164165GRAPH 0.3 658624.75 ENDGRAPH
totalRIbsize: 121455
totla bestpath nodes: 322968
totla bestpath tcost: 156094064

Testing on Transit seed 7
123456789101112131415161718192021222324252627282930313233343536373839404142434445464748495051525354555657585960616263646566676869707172737475767778798081828384858687888990919293949596979899100101102103104105106107108109110111112113114115116117118119120121122123124125126127128129130131132133134135136137138139140141142143144145146147148149150151152153154155156157158159160161162163164165GRAPH 0.3 608821.7 ENDGRAPH
totalRIbsize: 122112
totla bestpath nodes: 320627
totla bestpath tcost: 143681917

Testing on Transit seed 8
123456789101112131415161718192021222324252627282930313233343536373839404142434445464748495051525354555657585960616263646566676869707172737475767778798081828384858687888990919293949596979899100101102103104105106107108109110111112113114115116117118119120121122123124125126127128129130131132133134135136137138139140141142143144145146147148149150151152153154155156157158159160161162163164165GRAPH 0.3 584195.6 ENDGRAPH
totalRIbsize: 121823
totla bestpath nodes: 325755
totla bestpath tcost: 139038562

Testing on Transit seed 9
123456789101112131415161718192021222324252627282930313233343536373839404142434445464748495051525354555657585960616263646566676869707172737475767778798081828384858687888990919293949596979899100101102103104105106107108109110111112113114115116117118119120121122123124125126127128129130131132133134135136137138139140141142143144145146147148149150151152153154155156157158159160161162163164165GRAPH 0.3 599530.0 ENDGRAPH
totalRIbsize: 121679
totla bestpath nodes: 320222
totla bestpath tcost: 142088614

Testing on Transit seed 10
123456789101112131415161718192021222324252627282930313233343536373839404142434445464748495051525354555657585960616263646566676869707172737475767778798081828384858687888990919293949596979899100101102103104105106107108109110111112113114115116117118119120121122123124125126127128129130131132133134135136137138139140141142143144145146147148149150151152153154155156157158159160161162163164165GRAPH 0.3 626588.3 ENDGRAPH
totalRIbsize: 123515
totla bestpath nodes: 319323
totla bestpath tcost: 148501431

Testing for stub/transit percentage: 0.400000

Testing on Transit seed 1
123456789101112131415161718192021222324252627282930313233343536373839404142434445464748495051525354555657585960616263646566676869707172737475767778798081828384858687888990919293949596979899100101102103104105106107108109110111112113114115116117118119120121122123124125126127128taking longer than: 20secs exiting

Testing on Transit seed 2
123456789101112taking longer than: 20secs exiting

Testing on Transit seed 3
123456789101112131415161718192021222324252627282930313233343536373839404142434445464748495051525354555657585960616263646566676869707172737475767778798081828384858687888990919293949596979899100101102103104105106107108109110111112113114115116117118119120121122123124125126127128129130131132133134135136137138139140141142143144145146147148149150151152153154155156157158159160161162163164165GRAPH 0.4 633979.1 ENDGRAPH
totalRIbsize: 106489
totla bestpath nodes: 275766
totla bestpath tcost: 129331745

Testing on Transit seed 4
123456789101112131415161718192021222324252627282930313233343536373839404142434445464748495051525354555657585960616263646566676869707172737475767778798081828384858687888990919293949596979899100101102103104105106107108109110111112113114115116117118119120121122123124125126127128129130131132133134135136137138139140141142143144145146147148149150151152153154155156157158159160161162163164165GRAPH 0.4 604518.4 ENDGRAPH
totalRIbsize: 102012
totla bestpath nodes: 292641
totla bestpath tcost: 122717223

Testing on Transit seed 5
123456789101112131415161718192021222324252627282930313233343536373839404142434445464748495051525354555657585960616263646566676869707172737475767778798081828384858687888990919293949596979899100101102103104105106107108109110111112113114115116117118119120121122123124125126127128129130131132133134135136137138139140141142143144145146147148149150151152153154155156157158159160161162163164165GRAPH 0.4 592506.8 ENDGRAPH
totalRIbsize: 101335
totla bestpath nodes: 305954
totla bestpath tcost: 120278886

Testing on Transit seed 6
123456789101112131415161718192021222324252627282930313233343536373839404142434445464748495051525354555657585960616263646566676869707172737475767778798081828384858687888990919293949596979899100101102103104105106107108109110111112113114115116117118119120121122123124125126127128129130131132133134135136137138139140141142143144145146147148149150151152153154155156157158159160161162163164165GRAPH 0.4 639960.4 ENDGRAPH
totalRIbsize: 102270
totla bestpath nodes: 288231
totla bestpath tcost: 129911963

Testing on Transit seed 7
123456789101112131415161718192021222324252627282930313233343536373839404142434445464748495051525354taking longer than: 20secs exiting

Testing on Transit seed 8
123456789101112131415161718192021222324252627282930313233343536373839404142434445464748495051525354555657585960616263646566676869707172737475767778798081828384858687888990919293949596979899100101102103104105106107108109110111112113114115116117118119120121122123124125126127128129130131132133134135136137138139140141142143144145146147148149150151152153154155156157158159160161162163164165GRAPH 0.4 553836.25 ENDGRAPH
totalRIbsize: 103290
totla bestpath nodes: 276606
totla bestpath tcost: 112982597

Testing on Transit seed 9
1234567891011121314151617181920212223taking longer than: 20secs exiting

Testing on Transit seed 10
123456789101112131415161718192021222324252627282930313233343536373839404142434445464748495051525354555657585960616263646566676869707172737475767778798081828384858687888990919293949596979899100101102103104105106107108109110111112113114115116117118119120121122123124125126127128129130131132133134135136137138139140141142143144145146147148149150151152153154155156157158159160161162163164165GRAPH 0.4 637668.75 ENDGRAPH
totalRIbsize: 104973
totla bestpath nodes: 276914
totla bestpath tcost: 129446763

Testing for stub/transit percentage: 0.500000

Testing on Transit seed 1
123456789101112131415161718192021222324252627282930313233343536373839404142434445464748495051525354555657585960616263646566676869707172737475767778798081828384858687888990919293949596979899100101102103104105106107108109110111112113114115116117118119120121122123124125126127128129130131132133134135136137138139140141142143144145146147148149150151152153154155156157158159160161162163164165GRAPH 0.5 565117.3 ENDGRAPH
totalRIbsize: 85235
totla bestpath nodes: 245140
totla bestpath tcost: 95504822

Testing on Transit seed 2
123456789101112131415161718192021222324252627282930313233343536373839404142434445464748495051525354555657585960616263646566676869707172737475767778798081828384858687888990919293949596979899100101102103104105106107108109110111112113114115116117118119120121122123124125126127128129130131132133134135136137138139140141142143144145146147148149150151152153154155156157158159160161162163164165GRAPH 0.5 620697.2 ENDGRAPH
totalRIbsize: 85834
totla bestpath nodes: 240367
totla bestpath tcost: 104897821

Testing on Transit seed 3
1234567891011121314151617181920212223242526272829303132333435363738394041424344454647484950taking longer than: 20secs exiting

Testing on Transit seed 4
123456789101112131415161718192021222324252627282930313233343536373839404142434445464748495051525354555657585960616263646566676869707172737475767778798081828384858687888990919293949596979899100101102103104105106107108109110111112113114115116117118119120121122123124125126127128129130131132133134135136137138139140141142143144145146147148149150151152153154155156157158159160161162163164165GRAPH 0.5 605601.5 ENDGRAPH
totalRIbsize: 85591
totla bestpath nodes: 250978
totla bestpath tcost: 102346654

Testing on Transit seed 5
123456789101112131415161718192021222324252627282930313233343536373839404142434445464748495051525354555657585960616263646566676869707172737475767778798081828384858687888990919293949596979899100101102103104105106107108109110111112113114115116117118119120121122123124125126127128129130131132133134135136137138139140141142143144145146147148149150151152153154155156157158159160161162163164165GRAPH 0.5 593936.75 ENDGRAPH
totalRIbsize: 84771
totla bestpath nodes: 257991
totla bestpath tcost: 99781380

Testing on Transit seed 6
123456789101112131415161718192021222324252627282930313233343536373839404142434445464748495051525354555657585960616263646566676869707172737475767778798081828384858687888990919293949596979899100101102103104105106107108109110111112113114115116117118119120121122123124125126127128129130131132133134135136137138139140141142143144145146147148149150151152153154155156157158159160161162163164165GRAPH 0.5 623487.94 ENDGRAPH
totalRIbsize: 85330
totla bestpath nodes: 251472
totla bestpath tcost: 105992951

Testing on Transit seed 7
123456789101112131415161718192021222324252627282930313233343536373839404142434445464748495051525354555657585960616263646566676869707172737475767778798081828384858687888990taking longer than: 20secs exiting

Testing on Transit seed 8
123456789101112131415161718192021222324252627282930313233343536373839404142434445464748495051525354555657585960616263646566676869707172737475767778798081taking longer than: 20secs exiting

Testing on Transit seed 9
123456789101112131415161718192021222324252627282930313233343536373839404142434445464748495051525354555657585960616263646566676869707172737475767778798081828384858687888990919293949596979899100101102103104105106107108109110111112113114115116117118119120121122123124125126127128129130131132133134135136137138139140141142143144145146147148149150151152153154155156157158159160161162163164165GRAPH 0.5 593667.44 ENDGRAPH
totalRIbsize: 84696
totla bestpath nodes: 253202
totla bestpath tcost: 99736128

Testing on Transit seed 10
123456789101112131415161718192021222324252627282930313233343536373839404142434445464748495051525354555657585960616263646566676869707172737475767778798081828384858687888990919293949596979899100101102103104105106107108109110111112113114115116117118119120121122123124125126127128129130131132133134135136137138139140141142143144145146147148149150151152153154155156157158159160161162163164165GRAPH 0.5 658199.94 ENDGRAPH
totalRIbsize: 86497
totla bestpath nodes: 237809
totla bestpath tcost: 111235791

Testing for stub/transit percentage: 0.600000

Testing on Transit seed 1
123456789101112131415161718192021222324252627282930313233343536373839404142434445464748495051525354555657585960616263646566676869707172737475767778798081828384858687888990919293949596979899100101102103104105106107108109110111112113114115116117118119120121122123124125126127128129130131132133134135136137138139140141142143144145146147148149150151152153154155156157158159160161162163164165GRAPH 0.6 523116.47 ENDGRAPH
totalRIbsize: 67767
totla bestpath nodes: 196659
totla bestpath tcost: 70097607

Testing on Transit seed 2
123456789101112131415161718192021222324252627282930313233343536373839404142434445464748495051525354555657585960616263646566676869707172737475767778798081828384858687888990919293949596979899100101102103104105106107108109110111112113114115116117118119120121122123124125126127128129130131132133134135136137138139140141142143144145146147148149150151152153taking longer than: 20secs exiting

Testing on Transit seed 3
123456789101112131415161718192021222324252627282930313233343536373839404142434445464748495051525354555657585960616263646566676869707172737475767778798081828384858687888990919293949596979899100101102103104105106107108109110111112113114115116117118119120121122123124125126127128taking longer than: 20secs exiting

Testing on Transit seed 4
123456789101112131415161718192021222324252627282930313233343536373839404142434445464748495051525354555657585960616263646566676869707172737475767778798081828384858687888990919293949596979899100101102103104105106107108109110111112113114115116117118119120121122123124125126127128129130131132133134135136137138139140141142143144145146147148149150151152153154155156157158159160161162163164165GRAPH 0.6 542832.7 ENDGRAPH
totalRIbsize: 67843
totla bestpath nodes: 206094
totla bestpath tcost: 73282412

Testing on Transit seed 5
123456789101112131415161718192021222324252627282930313233343536373839404142434445464748495051525354555657585960616263646566676869707172737475767778798081828384858687888990919293949596979899100101102103104105106107108109110111112113114115116117118119120121122123124125126127128129130131132133134135136137138139140141142143144145146147148149150151152153154155156157158159160161162163164165GRAPH 0.6 597590.6 ENDGRAPH
totalRIbsize: 68103
totla bestpath nodes: 210817
totla bestpath tcost: 80077145

Testing on Transit seed 6
123456789101112131415161718192021222324252627282930313233343536373839404142434445464748495051525354555657585960616263646566676869707172737475767778798081828384858687888990919293949596979899100101102103104105106107108109110111112113114115116117118119120121122123124125126127128129130131132133134135136137138139140141142143144145146147148149150151152153154155156157158159160161162163164165GRAPH 0.6 568715.5 ENDGRAPH
totalRIbsize: 68074
totla bestpath nodes: 200677
totla bestpath tcost: 77345302

Testing on Transit seed 7
123taking longer than: 20secs exiting

Testing on Transit seed 8
123456789101112131415161718192021222324252627282930313233343536373839404142434445taking longer than: 20secs exiting

Testing on Transit seed 9
123456789101112131415161718192021222324252627282930313233343536373839404142434445464748495051525354555657585960616263646566676869707172737475767778798081828384858687888990919293949596979899100101102103104105106107108109110111112113114115116117118119120121122123124125126127128129130131132133134135136137138139140141142143144145146147148149150151152153154155156157158159160161162163164165GRAPH 0.6 587555.6 ENDGRAPH
totalRIbsize: 67280
totla bestpath nodes: 204737
totla bestpath tcost: 78732456

Testing on Transit seed 10
123456789101112131415161718192021222324252627282930313233343536373839404142434445464748495051525354555657585960616263646566676869707172737475767778798081828384858687888990919293949596979899100101102103104105106107108109110111112113114115116117118119120121122123124125126127128129130131132133134135136137138139140141142143144145146147148149150151152153154155156157158159160161162163164165GRAPH 0.6 644399.06 ENDGRAPH
totalRIbsize: 68115
totla bestpath nodes: 195946
totla bestpath tcost: 86993874

Testing for stub/transit percentage: 0.700000

Testing on Transit seed 1
123456789101112131415161718192021222324252627282930313233343536373839404142434445464748495051525354555657585960616263646566676869707172737475767778798081828384858687888990919293949596979899100101102103104105106107108109110111112113114115116117118119120121122123124125126127128129130131132133134135136137138139140141142143144145146147148149150151152153154155156157158159160161162163164165GRAPH 0.7 516384.47 ENDGRAPH
totalRIbsize: 51101
totla bestpath nodes: 152211
totla bestpath tcost: 52154834

Testing on Transit seed 2
12345678910111213141516171819202122232425262728293031323334353637383940414243444546474849505152535455565758596061626364656667686970717273taking longer than: 20secs exiting

Testing on Transit seed 3
12345678910111213141516171819202122232425262728293031323334353637383940414243444546474849505152535455taking longer than: 20secs exiting

Testing on Transit seed 4
123456789101112131415161718192021222324252627282930313233343536373839404142434445464748495051525354555657585960616263646566676869707172737475767778798081828384858687888990919293949596979899100101102103104105106107108109110111112113114115116117118119120121122123124125126127128129130131132133134135136137138139140141142143144145146147148149150151152153154155156157158159160161162163164165GRAPH 0.7 538562.2 ENDGRAPH
totalRIbsize: 51548
totla bestpath nodes: 156945
totla bestpath tcost: 54394785

Testing on Transit seed 5
123456789101112131415161718192021222324252627282930313233343536373839404142434445464748495051525354555657585960616263646566676869707172737475767778798081828384858687888990919293949596979899100101102103104105106107108109110111112113114115116117118119120121122123124125126127128129130131132133134135136137138139140141142143144145146147148149150151152153154155156157158159160161162163164165GRAPH 0.7 585417.44 ENDGRAPH
totalRIbsize: 50897
totla bestpath nodes: 158508
totla bestpath tcost: 59127162

Testing on Transit seed 6
123456789101112131415161718192021222324252627282930313233343536373839404142434445464748495051525354555657585960616263646566676869707172737475767778798081828384858687888990919293949596979899100101102103104105106107108109110111112113114115116117118119120121122123124125126127128129130131132133134135136137138139140141142143144145146147148149150151152153154155156157158159160161162163164165GRAPH 0.7 606173.94 ENDGRAPH
totalRIbsize: 51720
totla bestpath nodes: 158200
totla bestpath tcost: 61829744

Testing on Transit seed 7
1234567891011121314151617181920212223242526272829303132333435363738394041424344454647484950515253545556575859606162taking longer than: 20secs exiting

Testing on Transit seed 8
1234567891011121314151617181920212223taking longer than: 20secs exiting

Testing on Transit seed 9
123456789101112131415161718192021222324252627282930313233343536373839404142434445464748495051525354555657585960616263646566676869707172737475767778798081828384858687888990919293949596979899100101102103104105106107108109110111112113114115116117118119120121122123124125126127128129130131132133134135136137138139140141142143144145146147148149150151152153154155156157158159160161162163164165GRAPH 0.7 520195.06 ENDGRAPH
totalRIbsize: 50918
totla bestpath nodes: 157620
totla bestpath tcost: 52539699

Testing on Transit seed 10
12345678910111213141516171819202122232425262728293031323334353637383940414243444546474849505152535455565758596061626364656667686970717273747576777879808182taking longer than: 20secs exiting

Testing for stub/transit percentage: 0.800000

Testing on Transit seed 1
123456789101112131415161718192021222324252627282930313233343536373839404142434445464748495051525354555657585960616263646566676869707172737475767778798081828384858687888990919293949596979899100101102103104105106107108109110111112113114115116117118119120121122123124125126127128129130131132133134135136137138139140141142143144145146147148149150151152153154155156157158159160161162163164165GRAPH 0.8 477963.88 ENDGRAPH
totalRIbsize: 33662
totla bestpath nodes: 104683
totla bestpath tcost: 32023581

Testing on Transit seed 2
123456789101112131415161718192021222324252627282930313233343536373839404142434445464748495051525354555657585960616263646566676869707172737475767778798081828384858687888990919293949596979899100101102103104105106107108109110111112113114115116117118119120121122123124125126127128129130131132133134135136137138taking longer than: 20secs exiting

Testing on Transit seed 3
123456789101112131415161718192021222324252627282930313233343536373839404142434445464748495051525354555657585960616263646566676869707172737475767778798081828384858687888990919293949596979899100101102103104105106107108109110111112113114115116117118119120121122123124125126127128129130131132133134135136137138139140141142143144145146147148149150151152153154155156157158159160161162163164165GRAPH 0.8 545203.3 ENDGRAPH
totalRIbsize: 34362
totla bestpath nodes: 105746
totla bestpath tcost: 37619029

Testing on Transit seed 4
123456789101112131415161718192021222324252627282930313233343536373839404142434445464748495051525354555657585960616263646566676869707172737475767778798081828384858687888990919293949596979899100101102103104105106107108109110111112113114115116117118119120121122123124125126127128129130131132133134135136137138139140141142143144145146147148149150151152153154155156157158159160161162163164165GRAPH 0.8 509509.62 ENDGRAPH
totalRIbsize: 34193
totla bestpath nodes: 105857
totla bestpath tcost: 34137146

Testing on Transit seed 5
123456789101112131415161718192021222324252627282930313233343536373839404142434445464748495051525354555657585960616263646566676869707172737475767778798081828384858687888990919293949596979899100101102103104105taking longer than: 20secs exiting

Testing on Transit seed 6
12345678910111213141516171819202122232425262728293031323334353637383940414243444546474849505152535455565758596061626364656667686970717273747576777879808182taking longer than: 20secs exiting

Testing on Transit seed 7
123456789101112131415161718192021222324252627282930313233343536373839404142434445464748495051525354555657585960616263646566676869707172737475767778798081828384858687888990919293949596979899100101102103104105106107108109110111112113114115116117118119120121122123124125126127128129130131132133134135136137138139140141142143144145146147148149150151152153154155156157158159160161162163164165GRAPH 0.8 483845.66 ENDGRAPH
totalRIbsize: 35077
totla bestpath nodes: 99035
totla bestpath tcost: 32901504

Testing on Transit seed 8
123456789101112131415161718192021222324252627282930313233343536373839404142434445464748495051525354555657585960616263646566676869707172737475767778798081828384858687888990919293949596979899100101102103104105106107108109110111112113114115116117118119120121122123124125126127128129130131132133134135136137138139140141142143144145146147148149150151152153154155156157158159160161162163164165GRAPH 0.8 520930.8 ENDGRAPH
totalRIbsize: 34620
totla bestpath nodes: 103909
totla bestpath tcost: 34902364

Testing on Transit seed 9
123456789101112131415161718192021222324252627282930313233343536373839404142434445464748495051525354555657585960616263646566676869707172737475767778798081828384858687888990919293949596979899100101102103104105106107108109110111112113114115116117118119120121122123124125126127128129130131132133134135136137138139140141142143144145146147148149150151152153154155156157158159160161162163164165GRAPH 0.8 470648.2 ENDGRAPH
totalRIbsize: 33606
totla bestpath nodes: 105078
totla bestpath tcost: 31533427

Testing on Transit seed 10
123456789101112131415161718192021222324252627282930313233343536373839404142434445464748495051525354555657585960616263646566676869707172737475767778798081828384858687888990919293949596979899100101102103104105106107108109110111112113114115116117118119120121122123124125126127128129130131132133134135136137138139140141142143144145146147148149150151152153154155156157158159160161162163164165GRAPH 0.8 624004.5 ENDGRAPH
totalRIbsize: 34319
totla bestpath nodes: 102269
totla bestpath tcost: 42432303

Testing for stub/transit percentage: 0.900000

Testing on Transit seed 1
123456789101112131415161718192021222324252627282930313233343536373839404142434445464748495051525354555657585960616263646566676869707172737475767778798081828384858687888990919293949596979899100101102103104105106107108109110111112113114115116117118119120121122123124125126127128129130131132133134135136137138139140141142143144145146147148149150151152153154155156157158159160161162163164165GRAPH 0.9 431049.0 ENDGRAPH
totalRIbsize: 17198
totla bestpath nodes: 52347
totla bestpath tcost: 14655666

Testing on Transit seed 2
123456789101112131415161718192021222324252627282930313233343536373839404142434445464748495051525354555657585960616263646566676869707172737475767778798081828384858687888990919293949596979899100101102103104105106107108109110111112113114115116117118119120121122123124125126127128129130131132133134135136137138139140141142143144145146147148149150151152153154155156157158159160161162163164165GRAPH 0.9 385285.3 ENDGRAPH
totalRIbsize: 17570
totla bestpath nodes: 53806
totla bestpath tcost: 13099701

Testing on Transit seed 3
123456789101112131415161718192021222324252627282930313233343536373839404142434445464748495051525354555657585960616263646566676869707172737475767778798081828384858687888990919293949596979899100101102103104105106107108109110111112113114115116117118119120121122123124125126127128129130131132133134135136137138139140141142143144145146147148149150151152153154155156157158159160161162163164165GRAPH 0.9 392985.03 ENDGRAPH
totalRIbsize: 17230
totla bestpath nodes: 52158
totla bestpath tcost: 13754476

Testing on Transit seed 4
123456789101112131415161718192021222324252627282930313233343536373839404142434445464748495051525354555657585960616263646566676869707172737475767778798081828384858687888990919293949596979899100101102103104105106107108109110111112113114115116117118119120121122123124125126127128129130131132133134135136137138139140141142143144145146147148149150151152153154155156157158159160161162163164165GRAPH 0.9 437346.38 ENDGRAPH
totalRIbsize: 17843
totla bestpath nodes: 53690
totla bestpath tcost: 14869777

Testing on Transit seed 5
123456789101112131415161718192021222324252627282930313233343536373839404142434445464748495051525354555657585960616263646566676869707172737475767778798081828384858687888990919293949596979899100101102103104105106107108109110111112113114115116117118119120121122123124125126127128129130131132133134135136137138139140141142143144145146147148149150151152153154155156157158159160161162163164165GRAPH 0.9 495553.4 ENDGRAPH
totalRIbsize: 17424
totla bestpath nodes: 54771
totla bestpath tcost: 16848815

Testing on Transit seed 6
123456789101112131415161718192021222324252627282930313233343536373839404142434445464748495051525354555657585960616263646566676869707172737475767778798081828384858687888990919293949596979899100101102103104105106107108109110111112113114115116117118119120121122123124125126127128129130131132133134135136137138139140141142143144145146147148149150151152153154155156157158159160161162163164165GRAPH 0.9 456563.28 ENDGRAPH
totalRIbsize: 17758
totla bestpath nodes: 54679
totla bestpath tcost: 15979715

Testing on Transit seed 7
123456789101112131415161718192021222324252627282930313233343536373839404142434445464748495051525354555657585960616263646566676869707172737475767778798081828384858687888990919293949596979899100101102103104105106107108109110111112113114115116117118119120121122123124125126127128129130131132133134135136137138139140141142143144145146147148149150151152153154155156157158159160161162163164165GRAPH 0.9 425173.9 ENDGRAPH
totalRIbsize: 18028
totla bestpath nodes: 52209
totla bestpath tcost: 14881087

Testing on Transit seed 8
123456789101112131415161718192021222324252627282930313233343536373839404142434445464748495051525354555657585960616263646566676869707172737475767778798081828384858687888990919293949596979899100101102103104105106107108109110111112113114115116117118119120121122123124125126127128129130131132133134135136137138139140141142143144145146147148149150151152153154155156157158159160161162163164165GRAPH 0.9 439719.06 ENDGRAPH
totalRIbsize: 17605
totla bestpath nodes: 53934
totla bestpath tcost: 14950448

Testing on Transit seed 9
123456789101112131415161718192021222324252627282930313233343536373839404142434445464748495051525354555657585960616263646566676869707172737475767778798081828384858687888990919293949596979899100101102103104105106107108109110111112113114115116117118119120121122123124125126127128129130131132133134135136137138139140141142143144145146147148149150151152153154155156157158159160161162163164165GRAPH 0.9 375431.8 ENDGRAPH
totalRIbsize: 17002
totla bestpath nodes: 51813
totla bestpath tcost: 12764682

Testing on Transit seed 10
123456789101112131415161718192021222324252627282930313233343536373839404142434445464748495051525354555657585960616263646566676869707172737475767778798081828384858687888990919293949596979899100101102103104105106107108109110111112113114115116117118119120121122123124125126127128129130131132133134135136137138139140141142143144145146147148149150151152153154155156157158159160161162163164165GRAPH 0.9 452764.16 ENDGRAPH
totalRIbsize: 17220
totla bestpath nodes: 51798
totla bestpath tcost: 15846746

Testing for stub/transit percentage: 1.000000

Testing on Transit seed 1
123456789101112131415161718192021222324252627282930313233343536373839404142434445464748495051525354555657585960616263646566676869707172737475767778798081828384858687888990919293949596979899100101102103104105106107108109110111112113114115116117118119120121122123124125126127128129130131132133134135136137138139140141142143144145146147148149150151152153154155156157158159160161162163164165GRAPH 1.0 NaN ENDGRAPH
totalRIbsize: 0
totla bestpath nodes: 0
totla bestpath tcost: 0

Testing on Transit seed 2
123456789101112131415161718192021222324252627282930313233343536373839404142434445464748495051525354555657585960616263646566676869707172737475767778798081828384858687888990919293949596979899100101102103104105106107108109110111112113114115116117118119120121122123124125126127128129130131132133134135136137138139140141142143144145146147148149150151152153154155156157158159160161162163164165GRAPH 1.0 NaN ENDGRAPH
totalRIbsize: 0
totla bestpath nodes: 0
totla bestpath tcost: 0

Testing on Transit seed 3
123456789101112131415161718192021222324252627282930313233343536373839404142434445464748495051525354555657585960616263646566676869707172737475767778798081828384858687888990919293949596979899100101102103104105106107108109110111112113114115116117118119120121122123124125126127128129130131132133134135136137138139140141142143144145146147148149150151152153154155156157158159160161162163164165GRAPH 1.0 NaN ENDGRAPH
totalRIbsize: 0
totla bestpath nodes: 0
totla bestpath tcost: 0

Testing on Transit seed 4
123456789101112131415161718192021222324252627282930313233343536373839404142434445464748495051525354555657585960616263646566676869707172737475767778798081828384858687888990919293949596979899100101102103104105106107108109110111112113114115116117118119120121122123124125126127128129130131132133134135136137138139140141142143144145146147148149150151152153154155156157158159160161162163164165GRAPH 1.0 NaN ENDGRAPH
totalRIbsize: 0
totla bestpath nodes: 0
totla bestpath tcost: 0

Testing on Transit seed 5
123456789101112131415161718192021222324252627282930313233343536373839404142434445464748495051525354555657585960616263646566676869707172737475767778798081828384858687888990919293949596979899100101102103104105106107108109110111112113114115116117118119120121122123124125126127128129130131132133134135136137138139140141142143144145146147148149150151152153154155156157158159160161162163164165GRAPH 1.0 NaN ENDGRAPH
totalRIbsize: 0
totla bestpath nodes: 0
totla bestpath tcost: 0

Testing on Transit seed 6
123456789101112131415161718192021222324252627282930313233343536373839404142434445464748495051525354555657585960616263646566676869707172737475767778798081828384858687888990919293949596979899100101102103104105106107108109110111112113114115116117118119120121122123124125126127128129130131132133134135136137138139140141142143144145146147148149150151152153154155156157158159160161162163164165GRAPH 1.0 NaN ENDGRAPH
totalRIbsize: 0
totla bestpath nodes: 0
totla bestpath tcost: 0

Testing on Transit seed 7
123456789101112131415161718192021222324252627282930313233343536373839404142434445464748495051525354555657585960616263646566676869707172737475767778798081828384858687888990919293949596979899100101102103104105106107108109110111112113114115116117118119120121122123124125126127128129130131132133134135136137138139140141142143144145146147148149150151152153154155156157158159160161162163164165GRAPH 1.0 NaN ENDGRAPH
totalRIbsize: 0
totla bestpath nodes: 0
totla bestpath tcost: 0

Testing on Transit seed 8
123456789101112131415161718192021222324252627282930313233343536373839404142434445464748495051525354555657585960616263646566676869707172737475767778798081828384858687888990919293949596979899100101102103104105106107108109110111112113114115116117118119120121122123124125126127128129130131132133134135136137138139140141142143144145146147148149150151152153154155156157158159160161162163164165GRAPH 1.0 NaN ENDGRAPH
totalRIbsize: 0
totla bestpath nodes: 0
totla bestpath tcost: 0

Testing on Transit seed 9
123456789101112131415161718192021222324252627282930313233343536373839404142434445464748495051525354555657585960616263646566676869707172737475767778798081828384858687888990919293949596979899100101102103104105106107108109110111112113114115116117118119120121122123124125126127128129130131132133134135136137138139140141142143144145146147148149150151152153154155156157158159160161162163164165GRAPH 1.0 NaN ENDGRAPH
totalRIbsize: 0
totla bestpath nodes: 0
totla bestpath tcost: 0

Testing on Transit seed 10
123456789101112131415161718192021222324252627282930313233343536373839404142434445464748495051525354555657585960616263646566676869707172737475767778798081828384858687888990919293949596979899100101102103104105106107108109110111112113114115116117118119120121122123124125126127128129130131132133134135136137138139140141142143144145146147148149150151152153154155156157158159160161162163164165GRAPH 1.0 NaN ENDGRAPH
totalRIbsize: 0
totla bestpath nodes: 0
totla bestpath tcost: 0
