arg1 is the astypes to generate, 501-wiser, 504 sbgp, 505 bw
arg2 is the sim to perform in the simulator
arg3 is where to monitor in the simulator, participating 0, all 1, gulf 2
arg4 is whether to use bandwidth numbers in the simulator
arg5 is what metric to use RIBMETRIC 0, FIBMETRIC 1
505 5 2 1 1astypes.txt

LEGEND gulf, FIB state ENDLEGEND
LEGEND measured from gulf ASes ENDLEGEND
Testing for stub/transit percentage: 0.000000

Testing on Transit seed 1
165GRAPH 0.0 43671.98 ENDGRAPH
totalRIbsize: 175092
totla bestpath nodes: 446669
totla bestpath tcost: 232215729

Testing for stub/transit percentage: 0.100000

Testing on Transit seed 1
123456789101112131415161718192021222324252627282930313233343536373839404142434445464748495051525354555657585960616263646566676869707172737475767778798081828384858687888990919293949596979899100101102103104105106107108109110111112113114115116117118119120121122123124125126127128129130131132133134135136137138139140141142143144145146147148149150151152153154155156157158159160161162163164165GRAPH 0.1 43117.17 ENDGRAPH
totalRIbsize: 157978
totla bestpath nodes: 404197
totla bestpath tcost: 209437878

Testing on Transit seed 2
123456789101112131415161718192021222324252627282930313233343536373839404142434445464748495051525354555657585960616263646566676869707172737475767778798081828384858687888990919293949596979899100101102103104105106107108109110111112113114115116117118119120121122123124125126127128129130131132133134135136137138139140141142143144145146147148149150151152153154155156157158159160161162163164165GRAPH 0.1 43899.074 ENDGRAPH
totalRIbsize: 157343
totla bestpath nodes: 403416
totla bestpath tcost: 209944632

Testing on Transit seed 3
123456789101112131415161718192021222324252627282930313233343536373839404142434445464748495051525354555657585960616263646566676869707172737475767778798081828384858687888990919293949596979899100101102103104105106107108109110111112113114115116117118119120121122123124125126127128129130131132133134135136137138139140141142143144145146147148149150151152153154155156157158159160161162163164165GRAPH 0.1 43282.54 ENDGRAPH
totalRIbsize: 158731
totla bestpath nodes: 403336
totla bestpath tcost: 209405568

Testing on Transit seed 4
123456789101112131415161718192021222324252627282930313233343536373839404142434445464748495051525354555657585960616263646566676869707172737475767778798081828384858687888990919293949596979899100101102103104105106107108109110111112113114115116117118119120121122123124125126127128129130131132133134135136137138139140141142143144145146147148149150151152153154155156157158159160161162163164165GRAPH 0.1 43403.01 ENDGRAPH
totalRIbsize: 158595
totla bestpath nodes: 403622
totla bestpath tcost: 209286596

Testing on Transit seed 5
123456789101112131415161718192021222324252627282930313233343536373839404142434445464748495051525354555657585960616263646566676869707172737475767778798081828384858687888990919293949596979899100101102103104105106107108109110111112113114115116117118119120121122123124125126127128129130131132133134135136137138139140141142143144145146147148149150151152153154155156157158159160161162163164165GRAPH 0.1 42844.465 ENDGRAPH
totalRIbsize: 156864
totla bestpath nodes: 410781
totla bestpath tcost: 214414436

Testing on Transit seed 6
123456789101112131415161718192021222324252627282930313233343536373839404142434445464748495051525354555657585960616263646566676869707172737475767778798081828384858687888990919293949596979899100101102103104105106107108109110111112113114115116117118119120121122123124125126127128129130131132133134135136137138139140141142143144145146147148149150151152153154155156157158159160161162163164165GRAPH 0.1 42713.82 ENDGRAPH
totalRIbsize: 157193
totla bestpath nodes: 405735
totla bestpath tcost: 209950608

Testing on Transit seed 7
123456789101112131415161718192021222324252627282930313233343536373839404142434445464748495051525354555657585960616263646566676869707172737475767778798081828384858687888990919293949596979899100101102103104105106107108109110111112113114115116117118119120121122123124125126127128129130131132133134135136137138139140141142143144145146147148149150151152153154155156157158159160161162163164165GRAPH 0.1 44042.33 ENDGRAPH
totalRIbsize: 157874
totla bestpath nodes: 403212
totla bestpath tcost: 210223247

Testing on Transit seed 8
123456789101112131415161718192021222324252627282930313233343536373839404142434445464748495051525354555657585960616263646566676869707172737475767778798081828384858687888990919293949596979899100101102103104105106107108109110111112113114115116117118119120121122123124125126127128129130131132133134135136137138139140141142143144145146147148149150151152153154155156157158159160161162163164165GRAPH 0.1 43990.887 ENDGRAPH
totalRIbsize: 158543
totla bestpath nodes: 403298
totla bestpath tcost: 210435688

Testing on Transit seed 9
123456789101112131415161718192021222324252627282930313233343536373839404142434445464748495051525354555657585960616263646566676869707172737475767778798081828384858687888990919293949596979899100101102103104105106107108109110111112113114115116117118119120121122123124125126127128129130131132133134135136137138139140141142143144145146147148149150151152153154155156157158159160161162163164165GRAPH 0.1 44021.46 ENDGRAPH
totalRIbsize: 158585
totla bestpath nodes: 403110
totla bestpath tcost: 209786594

Testing on Transit seed 10
123456789101112131415161718192021222324252627282930313233343536373839404142434445464748495051525354555657585960616263646566676869707172737475767778798081828384858687888990919293949596979899100101102103104105106107108109110111112113114115116117118119120121122123124125126127128129130131132133134135136137138139140141142143144145146147148149150151152153154155156157158159160161162163164165GRAPH 0.1 44061.906 ENDGRAPH
totalRIbsize: 158558
totla bestpath nodes: 402994
totla bestpath tcost: 210286761

Testing for stub/transit percentage: 0.200000

Testing on Transit seed 1
123456789101112131415161718192021222324252627282930313233343536373839404142434445464748495051525354555657585960616263646566676869707172737475767778798081828384858687888990919293949596979899100101102103104105106107108109110111112113114115116taking longer than: 20secs exiting

Testing on Transit seed 2
123456789101112131415161718192021222324252627282930313233343536373839404142434445464748495051525354555657585960616263646566676869707172737475767778798081828384858687888990919293949596979899100101102103104105106107108109110111112113114115116117118119120121122123124125126127128129130131132133134135136137138139140141142143144145146147148149150151152153154155156157158159160161162163164165GRAPH 0.2 42730.016 ENDGRAPH
totalRIbsize: 138616
totla bestpath nodes: 364527
totla bestpath tcost: 188743545

Testing on Transit seed 3
123456789101112131415161718192021222324252627282930313233343536373839404142434445464748495051525354555657585960616263646566676869707172737475767778798081828384858687888990919293949596979899100101102103104105106107108109110111112113114115116117118119120121122123124125126127128129130131132133134135136137138139140141142143144145146147148149150151152153154155156157158159160161162163164165GRAPH 0.2 43863.414 ENDGRAPH
totalRIbsize: 140914
totla bestpath nodes: 360613
totla bestpath tcost: 189156966

Testing on Transit seed 4
123456789101112131415161718192021222324252627282930313233343536373839404142434445464748495051525354555657585960616263646566676869707172737475767778798081828384858687888990919293949596979899100101102103104105106107108109110111112113114115116117118119120121122123124125126127128129130131132133134135136137138139140141142143144145146147148149150151152153154155156157158159160161162163164165GRAPH 0.2 43513.832 ENDGRAPH
totalRIbsize: 140178
totla bestpath nodes: 361950
totla bestpath tcost: 187750040

Testing on Transit seed 5
123456789101112131415161718192021222324252627282930313233343536373839404142434445464748495051525354555657585960616263646566676869707172737475767778798081828384858687888990919293949596979899100101102103104105106107108109110111112113114115116117118119120121122123124125126127128129130131132133134135136137138139140141142143144145146147148149150151152153154155156157158159160161162163164165GRAPH 0.2 43057.21 ENDGRAPH
totalRIbsize: 139363
totla bestpath nodes: 364114
totla bestpath tcost: 191310012

Testing on Transit seed 6
123456789101112131415161718192021222324252627282930313233343536373839404142434445464748495051525354555657585960616263646566676869707172737475767778798081828384858687888990919293949596979899100101102103104105106107108109110111112113114115116117118119120121122123124125126127128129130131132133134135136137138139140141142143144145146147148149150151152153154155156157158159160161162163164165GRAPH 0.2 42681.17 ENDGRAPH
totalRIbsize: 139496
totla bestpath nodes: 359281
totla bestpath tcost: 185688920

Testing on Transit seed 7
123456789101112131415161718192021222324252627282930313233343536373839404142434445464748495051525354555657585960616263646566676869707172737475767778798081828384858687888990919293949596979899100101102103104105106107108109110111112113114115116117118119120121122123124125126127128129130131132133134135136137138139140141142143144145146147148149150151152153154155156157158159160161162163164165GRAPH 0.2 44131.297 ENDGRAPH
totalRIbsize: 140087
totla bestpath nodes: 359504
totla bestpath tcost: 187190751

Testing on Transit seed 8
123456789101112131415161718192021222324252627282930313233343536373839404142434445464748495051525354555657585960616263646566676869707172737475767778798081828384858687888990919293949596979899100101102103104105106107108109110111112113114115116117118119120121122123124125126127128129130131132133134135136137138139140141142143144145146147148149150151152153154155156157158159160161162163164165GRAPH 0.2 44890.383 ENDGRAPH
totalRIbsize: 140737
totla bestpath nodes: 357937
totla bestpath tcost: 187562203

Testing on Transit seed 9
123456789101112131415161718192021222324252627282930313233343536373839404142434445464748495051525354555657585960616263646566676869707172737475767778798081828384858687888990919293949596979899100101102103104105106107108109110111112113114115116117118119120121122123124125126127128129130131132133134135136137138139140141142143144145146147148149150151152153154155156157158159160161162163164165GRAPH 0.2 44041.156 ENDGRAPH
totalRIbsize: 140362
totla bestpath nodes: 360145
totla bestpath tcost: 187311681

Testing on Transit seed 10
123456789101112131415161718192021222324252627282930313233343536373839404142434445464748495051525354555657585960616263646566676869707172737475767778798081828384858687888990919293949596979899100101102103104105106107108109110111112113114115116117118119120121122123124125126127128129130131132133134135136137138139140141142143144145146147148149150151152153154155156157158159160161162163164165GRAPH 0.2 43875.207 ENDGRAPH
totalRIbsize: 141250
totla bestpath nodes: 358956
totla bestpath tcost: 187051215

Testing for stub/transit percentage: 0.300000

Testing on Transit seed 1
12345678910111213141516171819202122232425262728293031323334353637383940414243444546474849505152535455565758596061626364656667686970717273taking longer than: 20secs exiting

Testing on Transit seed 2
12345678910111213141516171819202122232425262728293031323334taking longer than: 20secs exiting

Testing on Transit seed 3
123456789101112131415161718192021222324252627282930313233343536373839404142434445464748495051525354555657585960616263646566676869707172737475767778798081828384858687888990919293949596979899100101102103104105106107108109110111112113114115116117118119120121122123124125126127128129130131132133134135136137138139140141142143144145146147148149150151152153154155156157158159160161162163164165GRAPH 0.3 42149.586 ENDGRAPH
totalRIbsize: 124014
totla bestpath nodes: 320082
totla bestpath tcost: 166748617

Testing on Transit seed 4
123456789101112131415161718192021222324252627282930313233343536373839404142434445464748495051525354555657585960616263646566676869707172737475767778798081828384858687888990919293949596979899100101102103104105106107108109110111112113114115116117118119120121122123124125126127128129130131132133134135136137138139140141142143144145146147148149150151152153154155156157158159160161162163164165GRAPH 0.3 43109.16 ENDGRAPH
totalRIbsize: 121364
totla bestpath nodes: 321881
totla bestpath tcost: 166938991

Testing on Transit seed 5
12taking longer than: 20secs exiting

Testing on Transit seed 6
123456789101112131415161718192021222324252627282930313233343536373839404142434445464748495051525354555657585960616263646566676869707172737475767778798081828384858687888990919293949596979899100101102103104105106107108109110111112113114115116117118119120121122123124125126127128129130131132133134135136137138139140141142143144145146147148149150151152153154155156157158159160161162163164165GRAPH 0.3 42101.594 ENDGRAPH
totalRIbsize: 121467
totla bestpath nodes: 322393
totla bestpath tcost: 167188314

Testing on Transit seed 7
123456789101112131415161718192021222324252627282930taking longer than: 20secs exiting

Testing on Transit seed 8
123456789101112131415161718192021222324252627282930313233343536373839404142434445464748495051525354555657585960616263646566676869707172737475767778798081828384858687888990919293949596979899100101102103104105106107108109110111112113114115116117118119120121122123124125126127128129130131132133134135136137138139140141142143144145146147148149150151152153154155156157158159160161162163164165GRAPH 0.3 44280.84 ENDGRAPH
totalRIbsize: 121834
totla bestpath nodes: 326564
totla bestpath tcost: 171135568

Testing on Transit seed 9
123456789101112131415161718192021222324252627282930313233343536373839404142434445464748495051525354555657585960616263646566676869707172737475767778798081828384858687888990919293949596979899100101102103104105106107108109110111112113114115116117118119120121122123124125126127128129130131132133134135136137138139140141142143144145146147148149150151152153154155156157158159160161162163164165GRAPH 0.3 44035.215 ENDGRAPH
totalRIbsize: 121638
totla bestpath nodes: 321626
totla bestpath tcost: 167981557

Testing on Transit seed 10
123456789101112131415161718192021222324252627282930313233343536373839404142434445464748495051525354555657585960616263646566676869707172737475767778798081828384858687888990919293949596979899100101102103104105106107108109110111112113114115116117118119120121122123124125126127128129130131132133134135136137138139140141142143144145146147148149150151152153154155156157158159160161162163164165GRAPH 0.3 43003.16 ENDGRAPH
totalRIbsize: 123491
totla bestpath nodes: 319333
totla bestpath tcost: 165823685

Testing for stub/transit percentage: 0.400000

Testing on Transit seed 1
123456taking longer than: 20secs exiting

Testing on Transit seed 2
123456789101112131415161718192021222324252627282930313233343536373839404142434445464748495051525354555657585960616263646566taking longer than: 20secs exiting

Testing on Transit seed 3
123456789101112131415161718192021222324252627282930313233343536373839404142434445464748495051525354555657585960616263646566676869707172737475767778798081828384858687888990919293949596979899100101102103104105106107108109110111112113114115116117118119120121122123124125126127128129130131132133134135136137138139140141142143144145146147148149150151152153154155156157158159160161162163164165GRAPH 0.4 41293.71 ENDGRAPH
totalRIbsize: 106439
totla bestpath nodes: 276468
totla bestpath tcost: 144374378

Testing on Transit seed 4
123456789101112131415161718192021222324252627282930313233343536373839404142434445464748495051525354555657585960616263646566676869707172737475767778798081828384858687888990919293949596979899100101102103104105106107108109110111112113114115116117118119120121122123124125126127128129130131132133134135136137138139140141142143144145146147148149150151152153154155156157158159160161162163164165GRAPH 0.4 43247.97 ENDGRAPH
totalRIbsize: 101858
totla bestpath nodes: 299823
totla bestpath tcost: 164283140

Testing on Transit seed 5
12345678910111213141516171819202122232425262728293031323334353637383940414243444546474849505152535455taking longer than: 20secs exiting

Testing on Transit seed 6
12345678910111213141516171819202122232425262728293031323334353637383940414243444546474849505152taking longer than: 20secs exiting

Testing on Transit seed 7
123456789101112131415161718192021222324252627282930313233343536373839404142434445464748495051525354555657585960616263646566676869707172737475767778798081828384858687888990919293949596979899100101102103104105106107108109110111112113114115116117118119120121122123124125126127128129130131132133134135136137138139140141142143144145146147148149150151152153154155156157158159160161162163164165GRAPH 0.4 45796.586 ENDGRAPH
totalRIbsize: 103172
totla bestpath nodes: 274477
totla bestpath tcost: 146717027

Testing on Transit seed 8
123456789101112131415161718192021222324252627282930313233343536373839404142434445464748495051525354555657585960616263646566676869707172737475767778798081828384858687888990919293949596979899100101102103104105106107108109110111112113114115116117118119120121122123124125126127128129130131132133134135136137138139140141142143144145146147148149150151152153154155156157158159160161162163164165GRAPH 0.4 46154.98 ENDGRAPH
totalRIbsize: 103338
totla bestpath nodes: 279770
totla bestpath tcost: 150260967

Testing on Transit seed 9
12345678910111213141516171819202122232425262728293031taking longer than: 20secs exiting

Testing on Transit seed 10
123456789101112131415161718192021222324252627282930313233343536373839404142434445464748495051525354555657585960616263646566676869707172737475767778798081828384858687888990919293949596979899100101102103104105106107108109110111112113114115116117118119120121122123124125126127128129130131132133134135136137138139140141142143144145146147148149150151152153154155156157158159160161162163164165GRAPH 0.4 42622.383 ENDGRAPH
totalRIbsize: 104850
totla bestpath nodes: 278833
totla bestpath tcost: 146841423

Testing for stub/transit percentage: 0.500000

Testing on Transit seed 1
12345678910111213141516171819202122232425262728293031323334353637383940414243444546474849505152535455565758596061626364taking longer than: 20secs exiting

Testing on Transit seed 2
123456789101112131415161718192021222324252627282930313233343536373839404142434445464748495051525354555657585960616263646566676869707172737475767778798081828384858687888990919293949596979899100101102103104105106107108109110111112113114115116117118119120121122123124125126127128129130131132133134135136137138139140141142143144145146147148149150151152153154155156157158159160161162163164165GRAPH 0.5 43788.676 ENDGRAPH
totalRIbsize: 86002
totla bestpath nodes: 250378
totla bestpath tcost: 136320755

Testing on Transit seed 3
123456789101112131415161718192021222324252627282930313233343536373839404142434445464748495051525354555657585960616263646566676869707172737475767778798081828384858687888990919293949596979899100101102103104105106107108109110111112113114115116117118119120121122123124125126127128129130131132133134135136137138139140141142143144145146147148149150151152153154155156157158159160161162163164165GRAPH 0.5 41542.848 ENDGRAPH
totalRIbsize: 88748
totla bestpath nodes: 236983
totla bestpath tcost: 125135090

Testing on Transit seed 4
123456789101112131415161718192021222324252627282930313233343536373839404142434445464748495051525354555657585960616263646566676869707172737475767778798081828384858687888990919293949596979899100101102103104105106107108109110111112113114115116117118119120121122123124125126127128129130131132133134135136137138139140141142143144145146147148149150151152153154155156157158159160161162163164165GRAPH 0.5 45513.188 ENDGRAPH
totalRIbsize: 85426
totla bestpath nodes: 258422
totla bestpath tcost: 145499938

Testing on Transit seed 5
123456789101112131415161718192021222324252627282930313233343536373839404142434445464748495051525354555657585960616263646566676869707172737475767778798081828384858687888990919293949596979899100101102103104105106107108109110111112113114115116117118119120121122123124125126127128129130131132133134135136137138139140141142143144145146147148149150151152153154155156157158159160161162163164165GRAPH 0.5 48882.02 ENDGRAPH
totalRIbsize: 84991
totla bestpath nodes: 278489
totla bestpath tcost: 165126580

Testing on Transit seed 6
12345678910111213141516171819202122232425262728293031323334353637383940414243444546474849505152535455565758596061626364656667686970717273747576777879808182taking longer than: 20secs exiting

Testing on Transit seed 7
12345678910111213141516171819202122232425262728293031323334353637383940414243444546taking longer than: 20secs exiting

Testing on Transit seed 8
123456789101112taking longer than: 20secs exiting

Testing on Transit seed 9
123456789101112131415161718192021222324252627282930313233343536373839404142434445464748495051525354555657585960616263646566676869707172737475767778798081828384858687888990919293949596979899100101102103104105106107108109110111112113114115116117118119120121122123124125126127128129130131132133134135136137138139140141142143144145146147148149150151152153154155156157158159160161162163164165GRAPH 0.5 46407.465 ENDGRAPH
totalRIbsize: 84523
totla bestpath nodes: 265049
totla bestpath tcost: 150312504

Testing on Transit seed 10
1234taking longer than: 20secs exiting

Testing for stub/transit percentage: 0.600000

Testing on Transit seed 1
123456789101112131415161718192021222324252627282930313233343536373839404142434445464748495051525354555657585960616263646566676869707172737475767778798081828384858687888990919293949596979899100101102103104105106107108109110111112113114115116117118119120121122123124125126127128129130131132133134135136137138139140141142143144145146147148149150151152153154155156157158159160161162163164165GRAPH 0.6 49746.492 ENDGRAPH
totalRIbsize: 67577
totla bestpath nodes: 204020
totla bestpath tcost: 116853095

Testing on Transit seed 2
123456789101112131415161718192021222324252627282930313233343536373839404142434445464748495051525354555657585960616263646566676869707172737475767778798081828384858687888990919293949596979899100101102103104105106107108109110111112113114115116117118119120121122123124125126127128129130131132133134135136137138139140141142143144145146147148149150151152153154155156157158159160161162163164165GRAPH 0.6 43323.332 ENDGRAPH
totalRIbsize: 68217
totla bestpath nodes: 213592
totla bestpath tcost: 119688344

Testing on Transit seed 3
123456789101112131415161718192021222324252627282930313233343536373839404142434445464748495051525354555657585960616263646566676869707172737475767778798081828384858687888990919293949596979899100101102103104105106107108109110111112113114115116117118119120121122123124125126127128129130131132133134135136137138139140141142143144145146147148149150151152153154155156157158159160161162163164165GRAPH 0.6 44531.418 ENDGRAPH
totalRIbsize: 70003
totla bestpath nodes: 195020
totla bestpath tcost: 105440752

Testing on Transit seed 4
123456789101112131415161718192021222324252627282930313233343536373839404142434445464748495051525354555657585960616263646566676869707172737475767778798081828384858687888990919293949596979899100101102103104105106107108109110111112113114115116117118119120121122123124125126127128129130131132133134135136137138139140141142143144145146147148149150151152153154155156157158159160161162163164165GRAPH 0.6 49334.844 ENDGRAPH
totalRIbsize: 67690
totla bestpath nodes: 221424
totla bestpath tcost: 130548693

Testing on Transit seed 5
123456789101112131415161718192021222324252627282930313233343536373839404142434445464748495051525354555657585960616263646566676869707172737475767778798081828384858687888990919293949596979899100101102103104105106107108109110111112113114115116117118119120121122123124125126127128129130131132133134135136137138139140141142143144145146147148149150151152153154155156157158159160161162163164165GRAPH 0.6 49671.125 ENDGRAPH
totalRIbsize: 67853
totla bestpath nodes: 232378
totla bestpath tcost: 140116235

Testing on Transit seed 6
123456789101112131415161718192021222324252627282930313233343536373839404142434445464748495051525354555657585960616263646566676869707172737475767778798081828384858687888990919293949596979899100101102103104105106107108109110111112113114115116117118119120121122123124125126127128129130131132133134135136137138139140141142143144145146147148149150151152153154155156157158159160161162163164165GRAPH 0.6 48437.035 ENDGRAPH
totalRIbsize: 67927
totla bestpath nodes: 209410
totla bestpath tcost: 119134134

Testing on Transit seed 7
1234567891011121314151617181920212223242526taking longer than: 20secs exiting

Testing on Transit seed 8
123456789101112131415161718192021222324252627282930313233343536373839404142434445464748495051525354555657585960616263646566676869707172737475767778798081828384858687888990919293949596979899100101102103104105106107108109110111112113114115116117118119120121122123124125126127128129130131132133134135136137138139140141142143144145146147148149150151152153154155156157158159160161162163164165GRAPH 0.6 47056.465 ENDGRAPH
totalRIbsize: 69388
totla bestpath nodes: 209064
totla bestpath tcost: 117170769

Testing on Transit seed 9
123456789101112131415161718192021222324252627282930313233343536373839404142434445464748495051525354555657585960616263646566676869707172737475767778798081828384858687888990919293949596979899100101102103104105106107108109110111112113114115116117118119120121122123124125126127128129130131132133134135136137138139140141142143144145146147148149150151152153154155156157158159160161162163164165GRAPH 0.6 46921.895 ENDGRAPH
totalRIbsize: 67097
totla bestpath nodes: 213894
totla bestpath tcost: 120317087

Testing on Transit seed 10
123456789101112131415161718192021222324252627282930313233343536373839404142434445464748495051525354555657585960616263646566676869707172737475767778798081828384858687888990919293949596979899100101102103104105106107108109110111112113114115116117118119120121122123124125126127128129130131132133134135136137138139140141142143144145146147148149150151152153154155156157158159160161162163164165GRAPH 0.6 44677.81 ENDGRAPH
totalRIbsize: 67745
totla bestpath nodes: 216906
totla bestpath tcost: 123397871

Testing for stub/transit percentage: 0.700000

Testing on Transit seed 1
123456789101112131415161718192021222324252627282930313233343536373839404142434445464748495051525354555657585960616263646566676869707172737475767778798081828384858687888990919293949596979899100101102103104105106107108109110111112113114115116117118119120121122123124125126127128129130131132133134135136137138139140141142143144145146147148149150151152153154155156157158159160161162163164165GRAPH 0.7 53341.387 ENDGRAPH
totalRIbsize: 51216
totla bestpath nodes: 163093
totla bestpath tcost: 95672077

Testing on Transit seed 2
123456789101112131415161718192021222324252627282930313233343536373839404142434445464748495051525354555657585960616263646566676869707172737475767778798081828384858687888990919293949596979899100101102103104105106107108109110111112113114115116117118119120121122123124125126127128129130131132133134135136137138139140141142143144145146147148149150151152153154155156157158159160161162163164165GRAPH 0.7 50751.098 ENDGRAPH
totalRIbsize: 51475
totla bestpath nodes: 165647
totla bestpath tcost: 97070777

Testing on Transit seed 3
123456789101112131415161718192021222324252627282930313233343536373839404142434445464748495051525354555657585960616263646566676869707172737475767778798081828384858687888990919293949596979899100101102103104105106107108109110111112113114115116117118119120121122123124125126127128129130131132133134135136137138139140141142143144145146147148149150151152153154155156157158159160161162163164165GRAPH 0.7 46394.836 ENDGRAPH
totalRIbsize: 52011
totla bestpath nodes: 162711
totla bestpath tcost: 92589358

Testing on Transit seed 4
123456789101112131415161718192021222324252627282930313233343536373839404142434445464748495051525354555657585960616263646566676869707172737475767778798081828384858687888990919293949596979899100101102103104105106107108109110111112113114115116117118119120121122123124125126127128129130131132133134135136137138139140141142143144145146147148149150151152153154155156157158159160161162163164165GRAPH 0.7 52641.387 ENDGRAPH
totalRIbsize: 51259
totla bestpath nodes: 172752
totla bestpath tcost: 103894296

Testing on Transit seed 5
123456789101112131415161718192021222324252627282930313233343536373839404142434445464748495051525354555657585960616263646566676869707172737475767778798081828384858687888990919293949596979899100101102103104105106107108109110111112113114115116117118119120121122123124125126127128129130131132133134135136137138139140141142143144145146147148149150151152153154155156157158159160161162163164165GRAPH 0.7 52114.84 ENDGRAPH
totalRIbsize: 50619
totla bestpath nodes: 178805
totla bestpath tcost: 110780510

Testing on Transit seed 6
123456789101112131415161718192021222324252627282930313233343536373839404142434445464748495051525354555657585960616263646566676869707172737475767778798081828384858687888990919293949596979899100101102103104105106107108109110111112113114115116117118119120121122123124125126127128129130131132133134135136137138139140141142143144145146147148149150151152153154155156157158159160161162163164165GRAPH 0.7 51192.15 ENDGRAPH
totalRIbsize: 51409
totla bestpath nodes: 165338
totla bestpath tcost: 97065205

Testing on Transit seed 7
1234567891011121314151617181920212223242526taking longer than: 20secs exiting

Testing on Transit seed 8
123456789101112131415161718192021222324252627282930313233343536373839404142434445464748495051525354555657585960616263646566676869707172737475767778798081828384858687888990919293949596979899100101102103104105106107108109110111112113114115116117118119120121122123124125126127128129130131132133134135136137138139140141142143144145146147148149150151152153154155156157158159160161162163164165GRAPH 0.7 49563.625 ENDGRAPH
totalRIbsize: 52451
totla bestpath nodes: 166177
totla bestpath tcost: 96848732

Testing on Transit seed 9
123456789101112131415161718192021222324252627282930313233343536373839404142434445464748495051525354555657585960616263646566676869707172737475767778798081828384858687888990919293949596979899100101102103104105106107108109110111112113114115116117118119120121122123124125126127128129130131132133134135136137138139140141142143144145146147148149150151152153154155156157158159160161162163164165GRAPH 0.7 54314.98 ENDGRAPH
totalRIbsize: 50523
totla bestpath nodes: 171822
totla bestpath tcost: 104720475

Testing on Transit seed 10
123456789101112131415161718192021222324252627282930313233343536373839404142434445464748495051525354555657585960616263646566676869707172737475767778798081828384858687888990919293949596979899100101102103104105106107108109110111112113114115116117118119120121122123124125126127128129130131132133134135136137138139140141142143144145146147148149150151152153154155156157158159160161162163164165GRAPH 0.7 46155.58 ENDGRAPH
totalRIbsize: 51205
totla bestpath nodes: 168876
totla bestpath tcost: 97686200

Testing for stub/transit percentage: 0.800000

Testing on Transit seed 1
123456789101112131415161718192021222324252627282930313233343536373839404142434445464748495051525354555657585960616263646566676869707172737475767778798081828384858687888990919293949596979899100101102103104105106107108109110111112113114115116117118119120121122123124125126127128129130131132133134135136137138139140141142143144145146147148149150151152153154155156157158159160161162163164165GRAPH 0.8 58452.105 ENDGRAPH
totalRIbsize: 33417
totla bestpath nodes: 121942
totla bestpath tcost: 78061918

Testing on Transit seed 2
123456789101112131415161718192021222324252627282930313233343536373839404142434445464748495051525354555657585960616263646566676869707172737475767778798081828384858687888990919293949596979899100101102103104105106107108109110111112113114115116117118119120121122123124125126127128129130131132133134135136137138139140141142143144145146147148149150151152153154155156157158159160161162163164165GRAPH 0.8 55592.777 ENDGRAPH
totalRIbsize: 34502
totla bestpath nodes: 113527
totla bestpath tcost: 69259248

Testing on Transit seed 3
123456789101112131415161718192021222324252627282930313233343536373839404142434445464748495051525354555657585960616263646566676869707172737475767778798081828384858687888990919293949596979899100101102103104105106107108109110111112113114115116117118119120121122123124125126127128129130131132133134135136137138139140141142143144145146147148149150151152153154155156157158159160161162163164165GRAPH 0.8 55404.973 ENDGRAPH
totalRIbsize: 34117
totla bestpath nodes: 114611
totla bestpath tcost: 70440908

Testing on Transit seed 4
123456789101112131415161718192021222324252627282930313233343536373839404142434445464748495051525354555657585960616263646566676869707172737475767778798081828384858687888990919293949596979899100101102103104105106107108109110111112113114115116117118119120121122123124125126127128129130131132133134135136137138139140141142143144145146147148149150151152153154155156157158159160161162163164165GRAPH 0.8 56416.207 ENDGRAPH
totalRIbsize: 34003
totla bestpath nodes: 122607
totla bestpath tcost: 79170121

Testing on Transit seed 5
123456789101112131415161718192021222324252627282930313233343536373839404142434445464748495051525354555657585960616263646566676869707172737475767778798081828384858687888990919293949596979899100101102103104105106107108109110111112113114115116117118119120121122123124125126127128129130131132133134135136137138139140141142143144145146147148149150151152153154155156157158159160161162163164165GRAPH 0.8 59903.402 ENDGRAPH
totalRIbsize: 33717
totla bestpath nodes: 124351
totla bestpath tcost: 81089311

Testing on Transit seed 6
123456789101112131415161718192021222324252627282930313233343536373839404142434445464748495051525354555657585960616263646566676869707172737475767778798081828384858687888990919293949596979899100101102103104105106107108109110111112113114115116117118119120121122123124125126127128129130131132133134135136137138139140141142143144145146147148149150151152153154155156157158159160161162163164165GRAPH 0.8 59991.75 ENDGRAPH
totalRIbsize: 34427
totla bestpath nodes: 118085
totla bestpath tcost: 73497113

Testing on Transit seed 7
123456789101112131415161718192021222324252627282930313233343536373839404142434445464748495051525354555657585960616263646566676869707172737475767778798081828384858687888990919293949596979899100101102103104105106107108109110111112113114115116117118119120121122123124125126127128129130131132133134135136137138139140141142143144145146147148149150151152153154155156157158159160161162163164165GRAPH 0.8 56109.926 ENDGRAPH
totalRIbsize: 34769
totla bestpath nodes: 108867
totla bestpath tcost: 65330211

Testing on Transit seed 8
1234567891011121314taking longer than: 20secs exiting

Testing on Transit seed 9
123456789101112131415161718192021222324252627282930313233343536373839404142434445464748495051525354555657585960616263646566676869707172737475767778798081828384858687888990919293949596979899100101102103104105106107108109110111112113114115116117118119120121122123124125126127128129130131132133134135136137138139140141142143144145146147148149150151152153154155156157158159160161162163164165GRAPH 0.8 62322.703 ENDGRAPH
totalRIbsize: 33421
totla bestpath nodes: 116916
totla bestpath tcost: 75409565

Testing on Transit seed 10
123456789101112131415161718192021222324252627282930313233343536373839404142434445464748495051525354555657585960616263646566676869707172737475767778798081828384858687888990919293949596979899100101102103104105106107108109110111112113114115116117118119120121122123124125126127128129130131132133134135136137138139140141142143144145146147148149150151152153154155156157158159160161162163164165GRAPH 0.8 48085.69 ENDGRAPH
totalRIbsize: 34080
totla bestpath nodes: 117216
totla bestpath tcost: 69819801

Testing for stub/transit percentage: 0.900000

Testing on Transit seed 1
123456789101112131415161718192021222324252627282930313233343536373839404142434445464748495051525354555657585960616263646566676869707172737475767778798081828384858687888990919293949596979899100101102103104105106107108109110111112113114115116117118119120121122123124125126127128129130131132133134135136137138139140141142143144145146147148149150151152153154155156157158159160161162163164165GRAPH 0.9 66090.12 ENDGRAPH
totalRIbsize: 17130
totla bestpath nodes: 62220
totla bestpath tcost: 41230334

Testing on Transit seed 2
123456789101112131415161718192021222324252627282930313233343536373839404142434445464748495051525354555657585960616263646566676869707172737475767778798081828384858687888990919293949596979899100101102103104105106107108109110111112113114115116117118119120121122123124125126127128129130131132133134135136137138139140141142143144145146147148149150151152153154155156157158159160161162163164165GRAPH 0.9 76632.18 ENDGRAPH
totalRIbsize: 17471
totla bestpath nodes: 64543
totla bestpath tcost: 44524647

Testing on Transit seed 3
123456789101112131415161718192021222324252627282930313233343536373839404142434445464748495051525354555657585960616263646566676869707172737475767778798081828384858687888990919293949596979899100101102103104105106107108109110111112113114115116117118119120121122123124125126127128129130131132133134135136137138139140141142143144145146147148149150151152153154155156157158159160161162163164165GRAPH 0.9 69972.6 ENDGRAPH
totalRIbsize: 17079
totla bestpath nodes: 62845
totla bestpath tcost: 43321447

Testing on Transit seed 4
123456789101112131415161718192021222324252627282930313233343536373839404142434445464748495051525354555657585960616263646566676869707172737475767778798081828384858687888990919293949596979899100101102103104105106107108109110111112113114115116117118119120121122123124125126127128129130131132133134135136137138139140141142143144145146147148149150151152153154155156157158159160161162163164165GRAPH 0.9 62155.617 ENDGRAPH
totalRIbsize: 17727
totla bestpath nodes: 65966
totla bestpath tcost: 44274585

Testing on Transit seed 5
123456789101112131415161718192021222324252627282930313233343536373839404142434445464748495051525354555657585960616263646566676869707172737475767778798081828384858687888990919293949596979899100101102103104105106107108109110111112113114115116117118119120121122123124125126127128129130131132133134135136137138139140141142143144145146147148149150151152153154155156157158159160161162163164165GRAPH 0.9 69711.65 ENDGRAPH
totalRIbsize: 17307
totla bestpath nodes: 67845
totla bestpath tcost: 46991062

Testing on Transit seed 6
123456789101112131415161718192021222324252627282930313233343536373839404142434445464748495051525354555657585960616263646566676869707172737475767778798081828384858687888990919293949596979899100101102103104105106107108109110111112113114115116117118119120121122123124125126127128129130131132133134135136137138139140141142143144145146147148149150151152153154155156157158159160161162163164165GRAPH 0.9 71132.43 ENDGRAPH
totalRIbsize: 17666
totla bestpath nodes: 63481
totla bestpath tcost: 41412335

Testing on Transit seed 7
123456789101112131415161718192021222324252627282930313233343536373839404142434445464748495051525354555657585960616263646566676869707172737475767778798081828384858687888990919293949596979899100101102103104105106107108109110111112113114115116117118119120121122123124125126127128129130131132133134135136137138139140141142143144145146147148149150151152153154155156157158159160161162163164165GRAPH 0.9 62345.37 ENDGRAPH
totalRIbsize: 17808
totla bestpath nodes: 58990
totla bestpath tcost: 36909425

Testing on Transit seed 8
123456789101112131415161718192021222324252627282930313233343536373839404142434445464748495051525354555657585960616263646566676869707172737475767778798081828384858687888990919293949596979899100101102103104105106107108109110111112113114115116117118119120121122123124125126127128129130131132133134135136137138139140141142143144145146147148149150151152153154155156157158159160161162163164165GRAPH 0.9 70666.0 ENDGRAPH
totalRIbsize: 17403
totla bestpath nodes: 62200
totla bestpath tcost: 42019340

Testing on Transit seed 9
123456789101112131415161718192021222324252627282930313233343536373839404142434445464748495051525354555657585960616263646566676869707172737475767778798081828384858687888990919293949596979899100101102103104105106107108109110111112113114115116117118119120121122123124125126127128129130131132133134135136137138139140141142143144145146147148149150151152153154155156157158159160161162163164165GRAPH 0.9 77700.82 ENDGRAPH
totalRIbsize: 17026
totla bestpath nodes: 63558
totla bestpath tcost: 44634839

Testing on Transit seed 10
123456789101112131415161718192021222324252627282930313233343536373839404142434445464748495051525354555657585960616263646566676869707172737475767778798081828384858687888990919293949596979899100101102103104105106107108109110111112113114115116117118119120121122123124125126127128129130131132133134135136137138139140141142143144145146147148149150151152153154155156157158159160161162163164165GRAPH 0.9 65865.914 ENDGRAPH
totalRIbsize: 16995
totla bestpath nodes: 64416
totla bestpath tcost: 43709496

Testing for stub/transit percentage: 1.000000

Testing on Transit seed 1
123456789101112131415161718192021222324252627282930313233343536373839404142434445464748495051525354555657585960616263646566676869707172737475767778798081828384858687888990919293949596979899100101102103104105106107108109110111112113114115116117118119120121122123124125126127128129130131132133134135136137138139140141142143144145146147148149150151152153154155156157158159160161162163164165GRAPH 1.0 NaN ENDGRAPH
totalRIbsize: 0
totla bestpath nodes: 0
totla bestpath tcost: 0

Testing on Transit seed 2
123456789101112131415161718192021222324252627282930313233343536373839404142434445464748495051525354555657585960616263646566676869707172737475767778798081828384858687888990919293949596979899100101102103104105106107108109110111112113114115116117118119120121122123124125126127128129130131132133134135136137138139140141142143144145146147148149150151152153154155156157158159160161162163164165GRAPH 1.0 NaN ENDGRAPH
totalRIbsize: 0
totla bestpath nodes: 0
totla bestpath tcost: 0

Testing on Transit seed 3
123456789101112131415161718192021222324252627282930313233343536373839404142434445464748495051525354555657585960616263646566676869707172737475767778798081828384858687888990919293949596979899100101102103104105106107108109110111112113114115116117118119120121122123124125126127128129130131132133134135136137138139140141142143144145146147148149150151152153154155156157158159160161162163164165GRAPH 1.0 NaN ENDGRAPH
totalRIbsize: 0
totla bestpath nodes: 0
totla bestpath tcost: 0

Testing on Transit seed 4
123456789101112131415161718192021222324252627282930313233343536373839404142434445464748495051525354555657585960616263646566676869707172737475767778798081828384858687888990919293949596979899100101102103104105106107108109110111112113114115116117118119120121122123124125126127128129130131132133134135136137138139140141142143144145146147148149150151152153154155156157158159160161162163164165GRAPH 1.0 NaN ENDGRAPH
totalRIbsize: 0
totla bestpath nodes: 0
totla bestpath tcost: 0

Testing on Transit seed 5
123456789101112131415161718192021222324252627282930313233343536373839404142434445464748495051525354555657585960616263646566676869707172737475767778798081828384858687888990919293949596979899100101102103104105106107108109110111112113114115116117118119120121122123124125126127128129130131132133134135136137138139140141142143144145146147148149150151152153154155156157158159160161162163164165GRAPH 1.0 NaN ENDGRAPH
totalRIbsize: 0
totla bestpath nodes: 0
totla bestpath tcost: 0

Testing on Transit seed 6
123456789101112131415161718192021222324252627282930313233343536373839404142434445464748495051525354555657585960616263646566676869707172737475767778798081828384858687888990919293949596979899100101102103104105106107108109110111112113114115116117118119120121122123124125126127128129130131132133134135136137138139140141142143144145146147148149150151152153154155156157158159160161162163164165GRAPH 1.0 NaN ENDGRAPH
totalRIbsize: 0
totla bestpath nodes: 0
totla bestpath tcost: 0

Testing on Transit seed 7
123456789101112131415161718192021222324252627282930313233343536373839404142434445464748495051525354555657585960616263646566676869707172737475767778798081828384858687888990919293949596979899100101102103104105106107108109110111112113114115116117118119120121122123124125126127128129130131132133134135136137138139140141142143144145146147148149150151152153154155156157158159160161162163164165GRAPH 1.0 NaN ENDGRAPH
totalRIbsize: 0
totla bestpath nodes: 0
totla bestpath tcost: 0

Testing on Transit seed 8
123456789101112131415161718192021222324252627282930313233343536373839404142434445464748495051525354555657585960616263646566676869707172737475767778798081828384858687888990919293949596979899100101102103104105106107108109110111112113114115116117118119120121122123124125126127128129130131132133134135136137138139140141142143144145146147148149150151152153154155156157158159160161162163164165GRAPH 1.0 NaN ENDGRAPH
totalRIbsize: 0
totla bestpath nodes: 0
totla bestpath tcost: 0

Testing on Transit seed 9
123456789101112131415161718192021222324252627282930313233343536373839404142434445464748495051525354555657585960616263646566676869707172737475767778798081828384858687888990919293949596979899100101102103104105106107108109110111112113114115116117118119120121122123124125126127128129130131132133134135136137138139140141142143144145146147148149150151152153154155156157158159160161162163164165GRAPH 1.0 NaN ENDGRAPH
totalRIbsize: 0
totla bestpath nodes: 0
totla bestpath tcost: 0

Testing on Transit seed 10
123456789101112131415161718192021222324252627282930313233343536373839404142434445464748495051525354555657585960616263646566676869707172737475767778798081828384858687888990919293949596979899100101102103104105106107108109110111112113114115116117118119120121122123124125126127128129130131132133134135136137138139140141142143144145146147148149150151152153154155156157158159160161162163164165GRAPH 1.0 NaN ENDGRAPH
totalRIbsize: 0
totla bestpath nodes: 0
totla bestpath tcost: 0
